0.000002379767932
0.000002484854522
0.000002593698271
0.000002713813499
0.000002833928727
0.000002954043955
0.000003083902023
0.000003213760090
0.000003346478875
0.000003482058377
0.000003617637879
0.000003754453560
0.000003891269241
0.000004025455086
0.000004157011095
0.000004288567104
0.000004406420986
0.000004524274867
0.000004630419536
0.000004724854993
0.000004819290451
0.000004880792382
0.000004942294313
0.000004983745997
0.000005005147434
0.000005026548872
0.000005005147434
0.000004983745997
0.000004942294313
0.000004880792382
0.000004819290451
0.000004724854993
0.000004630419536
0.000004524274867
0.000004406420986
0.000004288567104
0.000004157011095
0.000004025455086
0.000003891269241
0.000003754453560
0.000003617637879
0.000003482058377
0.000003346478875
0.000003213760090
0.000003083902023
0.000002954043955
0.000002833928727
0.000002713813499
0.000002593698271
0.000002484854522
0.000002379767932
0.000002373191944
0.000002481270400
0.000002593567569
0.000002718520880
0.000002843474191
0.000002968427502
0.000003104921117
0.000003241414732
0.000003381628674
0.000003525562940
0.000003669497207
0.000003816342586
0.000003963187964
0.000004108039851
0.000004250898248
0.000004393756644
0.000004523266089
0.000004652775534
0.000004770002724
0.000004874947658
0.000004979892593
0.000005048870077
0.000005117847562
0.000005164403498
0.000005188537886
0.000005212672274
0.000005188537886
0.000005164403498
0.000005117847562
0.000005048870077
0.000004979892593
0.000004874947658
0.000004770002724
0.000004652775534
0.000004523266089
0.000004393756644
0.000004250898248
0.000004108039851
0.000003963187964
0.000003816342586
0.000003669497207
0.000003525562940
0.000003381628674
0.000003241414732
0.000003104921117
0.000002968427502
0.000002843474191
0.000002718520880
0.000002593567569
0.000002481270400
0.000002373191944
0.000002360039968
0.000002474102155
0.000002593306164
0.000002727935641
0.000002862565118
0.000002997194595
0.000003146959306
0.000003296724017
0.000003451928271
0.000003612572067
0.000003773215864
0.000003940120638
0.000004107025411
0.000004273209383
0.000004438672554
0.000004604135725
0.000004756956297
0.000004909776869
0.000005049169099
0.000005175132988
0.000005301096876
0.000005385025468
0.000005468954059
0.000005525718500
0.000005555318789
0.000005584919079
0.000005555318789
0.000005525718500
0.000005468954059
0.000005385025468
0.000005301096876
0.000005175132988
0.000005049169099
0.000004909776869
0.000004756956297
0.000004604135725
0.000004438672554
0.000004273209383
0.000004107025411
0.000003940120638
0.000003773215864
0.000003612572067
0.000003451928271
0.000003296724017
0.000003146959306
0.000002997194595
0.000002862565118
0.000002727935641
0.000002593306164
0.000002474102155
0.000002360039968
0.000002346887991
0.000002466933910
0.000002593044760
0.000002737350403
0.000002881656046
0.000003025961688
0.000003188997495
0.000003352033301
0.000003522227868
0.000003699581194
0.000003876934521
0.000004063898690
0.000004250862858
0.000004438378915
0.000004626446860
0.000004814514806
0.000004990646505
0.000005166778203
0.000005328335474
0.000005475318317
0.000005622301160
0.000005721180858
0.000005820060557
0.000005887033501
0.000005922099692
0.000005957165884
0.000005922099692
0.000005887033501
0.000005820060557
0.000005721180858
0.000005622301160
0.000005475318317
0.000005328335474
0.000005166778203
0.000004990646505
0.000004814514806
0.000004626446860
0.000004438378915
0.000004250862858
0.000004063898690
0.000003876934521
0.000003699581194
0.000003522227868
0.000003352033301
0.000003188997495
0.000003025961688
0.000002881656046
0.000002737350403
0.000002593044760
0.000002466933910
0.000002346887991
0.000002338598309
0.000002459607021
0.000002586903970
0.000002733065633
0.000002879227295
0.000003025388957
0.000003191273948
0.000003357158939
0.000003530738126
0.000003712011510
0.000003893284894
0.000004085381881
0.000004277478868
0.000004470711466
0.000004665079674
0.000004859447883
0.000005042639501
0.000005225831120
0.000005394357901
0.000005548219844
0.000005702081787
0.000005806187773
0.000005910293758
0.000005980878188
0.000006017941063
0.000006055003938
0.000006017941063
0.000005980878188
0.000005910293758
0.000005806187773
0.000005702081787
0.000005548219844
0.000005394357901
0.000005225831120
0.000005042639501
0.000004859447883
0.000004665079674
0.000004470711466
0.000004277478868
0.000004085381881
0.000003893284894
0.000003712011510
0.000003530738126
0.000003357158939
0.000003191273948
0.000003025388957
0.000002879227295
0.000002733065633
0.000002586903970
0.000002459607021
0.000002338598309
0.000002305439578
0.000002430299464
0.000002562340813
0.000002715926553
0.000002869512292
0.000003023098032
0.000003200379760
0.000003377661488
0.000003564779159
0.000003761732773
0.000003958686386
0.000004171314646
0.000004383942906
0.000004600041667
0.000004819610929
0.000005039180190
0.000005250611488
0.000005462042785
0.000005658447606
0.000005839825950
0.000006021204294
0.000006146215429
0.000006271226564
0.000006356256936
0.000006401306545
0.000006446356154
0.000006401306545
0.000006356256936
0.000006271226564
0.000006146215429
0.000006021204294
0.000005839825950
0.000005658447606
0.000005462042785
0.000005250611488
0.000005039180190
0.000004819610929
0.000004600041667
0.000004383942906
0.000004171314646
0.000003958686386
0.000003761732773
0.000003564779159
0.000003377661488
0.000003200379760
0.000003023098032
0.000002869512292
0.000002715926553
0.000002562340813
0.000002430299464
0.000002305439578
0.000002272280847
0.000002400991906
0.000002537777655
0.000002698787472
0.000002859797290
0.000003020807107
0.000003209485573
0.000003398164038
0.000003598820192
0.000003811454036
0.000004024087879
0.000004257247412
0.000004490406945
0.000004729371868
0.000004974142183
0.000005218912498
0.000005458583474
0.000005698254451
0.000005922537312
0.000006131432057
0.000006340326801
0.000006486243086
0.000006632159370
0.000006731635684
0.000006784672027
0.000006837708371
0.000006784672027
0.000006731635684
0.000006632159370
0.000006486243086
0.000006340326801
0.000006131432057
0.000005922537312
0.000005698254451
0.000005458583474
0.000005218912498
0.000004974142183
0.000004729371868
0.000004490406945
0.000004257247412
0.000004024087879
0.000003811454036
0.000003598820192
0.000003398164038
0.000003209485573
0.000003020807107
0.000002859797290
0.000002698787472
0.000002537777655
0.000002400991906
0.000002272280847
0.000002227130659
0.000002358478393
0.000002498760335
0.000002665844904
0.000002832929473
0.000003000014041
0.000003198949868
0.000003397885694
0.000003611240769
0.000003839015092
0.000004066789415
0.000004321169171
0.000004575548926
0.000004839064908
0.000005111717115
0.000005384369323
0.000005657514263
0.000005930659204
0.000006189148094
0.000006432980935
0.000006676813776
0.000006851042297
0.000007025270819
0.000007144601147
0.000007209033283
0.000007273465418
0.000007209033283
0.000007144601147
0.000007025270819
0.000006851042297
0.000006676813776
0.000006432980935
0.000006189148094
0.000005930659204
0.000005657514263
0.000005384369323
0.000005111717115
0.000004839064908
0.000004575548926
0.000004321169171
0.000004066789415
0.000003839015092
0.000003611240769
0.000003397885694
0.000003198949868
0.000003000014041
0.000002832929473
0.000002665844904
0.000002498760335
0.000002358478393
0.000002227130659
0.000002177983319
0.000002311562894
0.000002454924961
0.000002627634506
0.000002800344050
0.000002973053595
0.000003181866990
0.000003390680386
0.000003616454527
0.000003859189413
0.000004101924299
0.000004377753927
0.000004653583555
0.000004942212226
0.000005243639940
0.000005545067653
0.000005853431319
0.000006161794985
0.000006456599236
0.000006737844071
0.000007019088907
0.000007224098694
0.000007429108482
0.000007570095516
0.000007647059796
0.000007724024076
0.000007647059796
0.000007570095516
0.000007429108482
0.000007224098694
0.000007019088907
0.000006737844071
0.000006456599236
0.000006161794985
0.000005853431319
0.000005545067653
0.000005243639940
0.000004942212226
0.000004653583555
0.000004377753927
0.000004101924299
0.000003859189413
0.000003616454527
0.000003390680386
0.000003181866990
0.000002973053595
0.000002800344050
0.000002627634506
0.000002454924961
0.000002311562894
0.000002177983319
0.000002122639362
0.000002257999493
0.000002403982679
0.000002581835033
0.000002759687386
0.000002937539740
0.000003155876622
0.000003374213504
0.000003612219863
0.000003869895699
0.000004127571535
0.000004425542005
0.000004723512474
0.000005038567995
0.000005370708566
0.000005702849138
0.000006050161560
0.000006397473982
0.000006733248399
0.000007057484809
0.000007381721220
0.000007623569965
0.000007865418710
0.000008032642170
0.000008125240344
0.000008217838518
0.000008125240344
0.000008032642170
0.000007865418710
0.000007623569965
0.000007381721220
0.000007057484809
0.000006733248399
0.000006397473982
0.000006050161560
0.000005702849138
0.000005370708566
0.000005038567995
0.000004723512474
0.000004425542005
0.000004127571535
0.000003869895699
0.000003612219863
0.000003374213504
0.000003155876622
0.000002937539740
0.000002759687386
0.000002581835033
0.000002403982679
0.000002257999493
0.000002122639362
0.000002048705558
0.000002184492385
0.000002331719670
0.000002513268334
0.000002694816998
0.000002876365662
0.000003103163783
0.000003329961904
0.000003579639937
0.000003852197883
0.000004124755830
0.000004446940045
0.000004769124261
0.000005114549112
0.000005483214598
0.000005851880084
0.000006249331356
0.000006646782627
0.000007037491626
0.000007421458353
0.000007805425079
0.000008102285857
0.000008399146635
0.000008606345682
0.000008723882999
0.000008841420317
0.000008723882999
0.000008606345682
0.000008399146635
0.000008102285857
0.000007805425079
0.000007421458353
0.000007037491626
0.000006646782627
0.000006249331356
0.000005851880084
0.000005483214598
0.000005114549112
0.000004769124261
0.000004446940045
0.000004124755830
0.000003852197883
0.000003579639937
0.000003329961904
0.000003103163783
0.000002876365662
0.000002694816998
0.000002513268334
0.000002331719670
0.000002184492385
0.000002048705558
0.000001974771754
0.000002110985277
0.000002259456662
0.000002444701636
0.000002629946610
0.000002815191584
0.000003050450943
0.000003285710303
0.000003547060011
0.000003834500067
0.000004121940124
0.000004468338086
0.000004814736048
0.000005190530229
0.000005595720630
0.000006000911031
0.000006448501151
0.000006896091272
0.000007341734853
0.000007785431896
0.000008229128939
0.000008581001749
0.000008932874559
0.000009180049194
0.000009322525655
0.000009465002115
0.000009322525655
0.000009180049194
0.000008932874559
0.000008581001749
0.000008229128939
0.000007785431896
0.000007341734853
0.000006896091272
0.000006448501151
0.000006000911031
0.000005595720630
0.000005190530229
0.000004814736048
0.000004468338086
0.000004121940124
0.000003834500067
0.000003547060011
0.000003285710303
0.000003050450943
0.000002815191584
0.000002629946610
0.000002444701636
0.000002259456662
0.000002110985277
0.000001974771754
0.000001879178637
0.000002013873384
0.000002161486059
0.000002347852516
0.000002534218974
0.000002720585432
0.000002961536580
0.000003202487729
0.000003473004286
0.000003773086253
0.000004073168219
0.000004443621312
0.000004814074404
0.000005222578838
0.000005669134612
0.000006115690386
0.000006627635360
0.000007139580334
0.000007661008797
0.000008191920748
0.000008722832698
0.000009166922827
0.000009611012956
0.000009928850561
0.000010120435640
0.000010312020720
0.000010120435640
0.000009928850561
0.000009611012956
0.000009166922827
0.000008722832698
0.000008191920748
0.000007661008797
0.000007139580334
0.000006627635360
0.000006115690386
0.000005669134612
0.000005222578838
0.000004814074404
0.000004443621312
0.000004073168219
0.000003773086253
0.000003473004286
0.000003202487729
0.000002961536580
0.000002720585432
0.000002534218974
0.000002347852516
0.000002161486059
0.000002013873384
0.000001879178637
0.000001776365749
0.000001908893230
0.000002054946258
0.000002241575923
0.000002428205589
0.000002614835255
0.000002860555043
0.000003106274831
0.000003385123296
0.000003697100439
0.000004009077582
0.000004403532933
0.000004797988284
0.000005239983276
0.000005729517910
0.000006219052543
0.000006800091039
0.000007381129536
0.000007985292979
0.000008612581368
0.000009239869758
0.000009788578968
0.000010337288178
0.000010736017879
0.000010984768069
0.000011233518260
0.000010984768069
0.000010736017879
0.000010337288178
0.000009788578968
0.000009239869758
0.000008612581368
0.000007985292979
0.000007381129536
0.000006800091039
0.000006219052543
0.000005729517910
0.000005239983276
0.000004797988284
0.000004403532933
0.000004009077582
0.000003697100439
0.000003385123296
0.000003106274831
0.000002860555043
0.000002614835255
0.000002428205589
0.000002241575923
0.000002054946258
0.000001908893230
0.000001776365749
0.000001665643542
0.000001795167440
0.000001938708819
0.000002124302643
0.000002309896466
0.000002495490290
0.000002744253528
0.000002993016766
0.000003278338826
0.000003600219708
0.000003922100590
0.000004338788961
0.000004755477331
0.000005229993845
0.000005762338501
0.000006294683158
0.000006949266289
0.000007603849421
0.000008299938484
0.000009037533480
0.000009775128475
0.000010454796263
0.000011134464052
0.000011639649498
0.000011970352601
0.000012301055704
0.000011970352601
0.000011639649498
0.000011134464052
0.000010454796263
0.000009775128475
0.000009037533480
0.000008299938484
0.000007603849421
0.000006949266289
0.000006294683158
0.000005762338501
0.000005229993845
0.000004755477331
0.000004338788961
0.000003922100590
0.000003600219708
0.000003278338826
0.000002993016766
0.000002744253528
0.000002495490290
0.000002309896466
0.000002124302643
0.000001938708819
0.000001795167440
0.000001665643542
0.000001531193379
0.000001655204741
0.000001793378470
0.000001974039300
0.000002154700131
0.000002335360962
0.000002581992081
0.000002828623200
0.000003114843915
0.000003440654226
0.000003766464538
0.000004200078210
0.000004633691882
0.000005137822803
0.000005712470973
0.000006287119143
0.000007028600250
0.000007770081357
0.000008585667961
0.000009475360062
0.000010365052164
0.000011254697022
0.000012144341880
0.000012832674020
0.000013319693440
0.000013806712860
0.000013319693440
0.000012832674020
0.000012144341880
0.000011254697022
0.000010365052164
0.000009475360062
0.000008585667961
0.000007770081357
0.000007028600250
0.000006287119143
0.000005712470973
0.000005137822803
0.000004633691882
0.000004200078210
0.000003766464538
0.000003440654226
0.000003114843915
0.000002828623200
0.000002581992081
0.000002335360962
0.000002154700131
0.000001974039300
0.000001793378470
0.000001655204741
0.000001531193379
0.000001396743216
0.000001515242042
0.000001648048120
0.000001823775958
0.000001999503796
0.000002175231634
0.000002419730634
0.000002664229634
0.000002951349004
0.000003281088745
0.000003610828486
0.000004061367459
0.000004511906433
0.000005045651762
0.000005662603445
0.000006279555129
0.000007107934211
0.000007936313293
0.000008871397437
0.000009913186645
0.000010954975853
0.000012054597781
0.000013154219709
0.000014025698542
0.000014669034279
0.000015312370017
0.000014669034279
0.000014025698542
0.000013154219709
0.000012054597781
0.000010954975853
0.000009913186645
0.000008871397437
0.000007936313293
0.000007107934211
0.000006279555129
0.000005662603445
0.000005045651762
0.000004511906433
0.000004061367459
0.000003610828486
0.000003281088745
0.000002951349004
0.000002664229634
0.000002419730634
0.000002175231634
0.000001999503796
0.000001823775958
0.000001648048120
0.000001515242042
0.000001396743216
0.000001238451130
0.000001348573005
0.000001472593334
0.000001638309030
0.000001804024726
0.000001969740421
0.000002204211886
0.000002438683351
0.000002717166240
0.000003039660552
0.000003362154865
0.000003815026388
0.000004267897911
0.000004816504873
0.000005460847275
0.000006105189676
0.000007018383832
0.000007931577988
0.000009008781433
0.000010249994166
0.000011491206900
0.000012963588900
0.000014435970900
0.000015706365758
0.000016774773475
0.000017843181192
0.000016774773475
0.000015706365758
0.000014435970900
0.000012963588900
0.000011491206900
0.000010249994166
0.000009008781433
0.000007931577988
0.000007018383832
0.000006105189676
0.000005460847275
0.000004816504873
0.000004267897911
0.000003815026388
0.000003362154865
0.000003039660552
0.000002717166240
0.000002438683351
0.000002204211886
0.000001969740421
0.000001804024726
0.000001638309030
0.000001472593334
0.000001348573005
0.000001238451130
0.000001072211736
0.000001173001855
0.000001287097070
0.000001441107573
0.000001595118076
0.000001749128580
0.000001970940705
0.000002192752829
0.000002459420858
0.000002770944790
0.000003082468722
0.000003532808543
0.000003983148364
0.000004541699369
0.000005208461557
0.000005875223745
0.000006872538674
0.000007869853603
0.000009096716934
0.000010553128668
0.000012009540401
0.000013908943473
0.000015808346545
0.000017549580540
0.000019132645457
0.000020715710373
0.000019132645457
0.000017549580540
0.000015808346545
0.000013908943473
0.000012009540401
0.000010553128668
0.000009096716934
0.000007869853603
0.000006872538674
0.000005875223745
0.000005208461557
0.000004541699369
0.000003983148364
0.000003532808543
0.000003082468722
0.000002770944790
0.000002459420858
0.000002192752829
0.000001970940705
0.000001749128580
0.000001595118076
0.000001441107573
0.000001287097070
0.000001173001855
0.000001072211736
0.000000898965356
0.000000989496322
0.000001092511078
0.000001232977200
0.000001373443322
0.000001513909444
0.000001719800265
0.000001925691086
0.000002176206792
0.000002471347384
0.000002766487975
0.000003205303098
0.000003644118220
0.000004201037690
0.000004876061506
0.000005551085322
0.000006614486429
0.000007677887535
0.000009043199210
0.000010710421452
0.000012377643695
0.000014789469401
0.000017201295108
0.000019640623887
0.000022107455737
0.000024574287587
0.000022107455737
0.000019640623887
0.000017201295108
0.000014789469401
0.000012377643695
0.000010710421452
0.000009043199210
0.000007677887535
0.000006614486429
0.000005551085322
0.000004876061506
0.000004201037690
0.000003644118220
0.000003205303098
0.000002766487975
0.000002471347384
0.000002176206792
0.000001925691086
0.000001719800265
0.000001513909444
0.000001373443322
0.000001232977200
0.000001092511078
0.000000989496322
0.000000898965356
0.000000704698017
0.000000782187643
0.000000870655905
0.000000992060078
0.000001113464252
0.000001234868426
0.000001415052052
0.000001595235678
0.000001816586676
0.000002079105046
0.000002341623416
0.000002741934851
0.000003142246286
0.000003662807488
0.000004303618457
0.000004944429427
0.000006019812922
0.000007095196417
0.000008565321805
0.000010430189087
0.000012295056369
0.000015475509396
0.000018655962424
0.000022475152929
0.000026933080912
0.000031391008896
0.000026933080912
0.000022475152929
0.000018655962424
0.000015475509396
0.000012295056369
0.000010430189087
0.000008565321805
0.000007095196417
0.000006019812922
0.000004944429427
0.000004303618457
0.000003662807488
0.000003142246286
0.000002741934851
0.000002341623416
0.000002079105046
0.000001816586676
0.000001595235678
0.000001415052052
0.000001234868426
0.000001113464252
0.000000992060078
0.000000870655905
0.000000782187643
0.000000704698017
0.000000510430679
0.000000574878963
0.000000648800732
0.000000751142957
0.000000853485182
0.000000955827407
0.000001110303839
0.000001264780270
0.000001456966560
0.000001686862708
0.000001916758857
0.000002278566604
0.000002640374351
0.000003124577286
0.000003731175408
0.000004337773531
0.000005425139415
0.000006512505298
0.000008087444400
0.000010149956721
0.000012212469043
0.000016161549391
0.000020110629739
0.000025309681971
0.000031758706088
0.000038207730205
0.000031758706088
0.000025309681971
0.000020110629739
0.000016161549391
0.000012212469043
0.000010149956721
0.000008087444400
0.000006512505298
0.000005425139415
0.000004337773531
0.000003731175408
0.000003124577286
0.000002640374351
0.000002278566604
0.000001916758857
0.000001686862708
0.000001456966560
0.000001264780270
0.000001110303839
0.000000955827407
0.000000853485182
0.000000751142957
0.000000648800732
0.000000574878963
0.000000510430679
0.000000301449657
0.000000350777026
0.000000407465371
0.000000486236647
0.000000565007924
0.000000643779200
0.000000763612268
0.000000883445335
0.000001033489784
0.000001213745615
0.000001394001445
0.000001682690569
0.000001971379693
0.000002364959291
0.000002863429361
0.000003361899431
0.000004302521006
0.000005243142581
0.000006692452684
0.000008650451314
0.000010608449944
0.000015094200177
0.000019579950411
0.000028550873106
0.000042006968265
0.000055463063423
0.000042006968265
0.000028550873106
0.000019579950411
0.000015094200177
0.000010608449944
0.000008650451314
0.000006692452684
0.000005243142581
0.000004302521006
0.000003361899431
0.000002863429361
0.000002364959291
0.000001971379693
0.000001682690569
0.000001394001445
0.000001213745615
0.000001033489784
0.000000883445335
0.000000763612268
0.000000643779200
0.000000565007924
0.000000486236647
0.000000407465371
0.000000350777026
0.000000301449657
0.000000087564074
0.000000121077336
0.000000159636615
0.000000213333942
0.000000267031270
0.000000320728597
0.000000402939578
0.000000485150558
0.000000588727455
0.000000713670269
0.000000838613083
0.000001042645272
0.000001246677461
0.000001531545364
0.000001897248981
0.000002262952597
0.000003003920964
0.000003744889331
0.000004991756196
0.000006744521559
0.000008497286922
0.000013442387895
0.000018387488868
0.000031927618272
0.000054062776108
0.000076197933944
0.000054062776108
0.000031927618272
0.000018387488868
0.000013442387895
0.000008497286922
0.000006744521559
0.000004991756196
0.000003744889331
0.000003003920964
0.000002262952597
0.000001897248981
0.000001531545364
0.000001246677461
0.000001042645272
0.000000838613083
0.000000713670269
0.000000588727455
0.000000485150558
0.000000402939578
0.000000320728597
0.000000267031270
0.000000213333942
0.000000159636615
0.000000121077336
0.000000087564074
-0.000000128118313
-0.000000110679033
-0.000000090592860
-0.000000062566004
-0.000000034539149
-0.000000006512294
0.000000036791598
0.000000080095490
0.000000135181709
0.000000202050257
0.000000268918805
0.000000381443911
0.000000493969016
0.000000656724193
0.000000869709442
0.000001082694690
0.000001555745514
0.000002028796338
0.000002904883454
0.000004184006863
0.000005463130271
0.000009694853218
0.000013926576165
0.000027500224958
0.000050415799598
0.000073331374237
0.000050415799598
0.000027500224958
0.000013926576165
0.000009694853218
0.000005463130271
0.000004184006863
0.000002904883454
0.000002028796338
0.000001555745514
0.000001082694690
0.000000869709442
0.000000656724193
0.000000493969016
0.000000381443911
0.000000268918805
0.000000202050257
0.000000135181709
0.000000080095490
0.000000036791598
-0.000000006512294
-0.000000034539149
-0.000000062566004
-0.000000090592860
-0.000000110679033
-0.000000128118313
-0.000000349191109
-0.000000348605441
-0.000000348024488
-0.000000347457676
-0.000000346890864
-0.000000346324052
-0.000000345782252
-0.000000345240451
-0.000000344714285
-0.000000344203753
-0.000000343693221
-0.000000343225645
-0.000000342758069
-0.000000342318711
-0.000000341907573
-0.000000341496435
-0.000000341156161
-0.000000340815887
-0.000000340518052
-0.000000340262657
-0.000000340007262
-0.000000339848640
-0.000000339690017
-0.000000339583795
-0.000000339529974
-0.000000339476152
-0.000000339529974
-0.000000339583795
-0.000000339690017
-0.000000339848640
-0.000000340007262
-0.000000340262657
-0.000000340518052
-0.000000340815887
-0.000000341156161
-0.000000341496435
-0.000000341907573
-0.000000342318711
-0.000000342758069
-0.000000343225645
-0.000000343693221
-0.000000344203753
-0.000000344714285
-0.000000345240451
-0.000000345782252
-0.000000346324052
-0.000000346890864
-0.000000347457676
-0.000000348024488
-0.000000348605441
-0.000000349191109
-0.000000570263905
-0.000000586531850
-0.000000605456116
-0.000000632349347
-0.000000659242579
-0.000000686135810
-0.000000728356101
-0.000000770576392
-0.000000824610279
-0.000000890457763
-0.000000956305248
-0.000001067895201
-0.000001179485153
-0.000001341361616
-0.000001553524588
-0.000001765687560
-0.000002238057836
-0.000002710428111
-0.000003585919559
-0.000004864532177
-0.000006143144796
-0.000010374550498
-0.000014605956200
-0.000028179392549
-0.000051094859545
-0.000074010326542
-0.000051094859545
-0.000028179392549
-0.000014605956200
-0.000010374550498
-0.000006143144796
-0.000004864532177
-0.000003585919559
-0.000002710428111
-0.000002238057836
-0.000001765687560
-0.000001553524588
-0.000001341361616
-0.000001179485153
-0.000001067895201
-0.000000956305248
-0.000000890457763
-0.000000824610279
-0.000000770576392
-0.000000728356101
-0.000000686135810
-0.000000659242579
-0.000000632349347
-0.000000605456116
-0.000000586531850
-0.000000570263905
-0.000000786169098
-0.000000818510828
-0.000000855907532
-0.000000908469159
-0.000000961030787
-0.000001013592415
-0.000001094716001
-0.000001175839587
-0.000001278359602
-0.000001402276046
-0.000001526192490
-0.000001729282912
-0.000001932373334
-0.000002216355502
-0.000002581229416
-0.000002946103330
-0.000003686383710
-0.000004426664089
-0.000005672928347
-0.000007425176484
-0.000009177424621
-0.000014122203955
-0.000019066983289
-0.000032606897271
-0.000054741945900
-0.000076876994529
-0.000054741945900
-0.000032606897271
-0.000019066983289
-0.000014122203955
-0.000009177424621
-0.000007425176484
-0.000005672928347
-0.000004426664089
-0.000003686383710
-0.000002946103330
-0.000002581229416
-0.000002216355502
-0.000001932373334
-0.000001729282912
-0.000001526192490
-0.000001402276046
-0.000001278359602
-0.000001175839587
-0.000001094716001
-0.000001013592415
-0.000000961030787
-0.000000908469159
-0.000000855907532
-0.000000818510828
-0.000000786169098
-0.000001000351757
-0.000001048507329
-0.000001104032210
-0.000001181665018
-0.000001259297826
-0.000001336930635
-0.000001455671250
-0.000001574411866
-0.000001723393367
-0.000001902615753
-0.000002081838138
-0.000002369576676
-0.000002657315214
-0.000003049999716
-0.000003547630182
-0.000004045260648
-0.000004985184316
-0.000005925107984
-0.000007373806230
-0.000009331279054
-0.000011288751877
-0.000015774174612
-0.000020259597347
-0.000029230300648
-0.000042686284516
-0.000056142268383
-0.000042686284516
-0.000029230300648
-0.000020259597347
-0.000015774174612
-0.000011288751877
-0.000009331279054
-0.000007373806230
-0.000005925107984
-0.000004985184316
-0.000004045260648
-0.000003547630182
-0.000003049999716
-0.000002657315214
-0.000002369576676
-0.000002081838138
-0.000001902615753
-0.000001723393367
-0.000001574411866
-0.000001455671250
-0.000001336930635
-0.000001259297826
-0.000001181665018
-0.000001104032210
-0.000001048507329
-0.000001000351757
-0.000001209704567
-0.000001272980801
-0.000001345738064
-0.000001446938416
-0.000001548138768
-0.000001649339120
-0.000001802716779
-0.000001956094438
-0.000002147210161
-0.000002376063947
-0.000002604917734
-0.000002965763701
-0.000003326609668
-0.000003809905588
-0.000004415651459
-0.000005021397330
-0.000006108052565
-0.000007194707801
-0.000008769023139
-0.000010830998578
-0.000012892974018
-0.000016841719280
-0.000020790464542
-0.000025989292233
-0.000032438202354
-0.000038887112475
-0.000032438202354
-0.000025989292233
-0.000020790464542
-0.000016841719280
-0.000012892974018
-0.000010830998578
-0.000008769023139
-0.000007194707801
-0.000006108052565
-0.000005021397330
-0.000004415651459
-0.000003809905588
-0.000003326609668
-0.000002965763701
-0.000002604917734
-0.000002376063947
-0.000002147210161
-0.000001956094438
-0.000001802716779
-0.000001649339120
-0.000001548138768
-0.000001446938416
-0.000001345738064
-0.000001272980801
-0.000001209704567
-0.000001404567828
-0.000001480885185
-0.000001568187450
-0.000001688444433
-0.000001808701417
-0.000001928958400
-0.000002108033144
-0.000002287107887
-0.000002507376041
-0.000002768837607
-0.000003030299172
-0.000003429630510
-0.000003828961847
-0.000004348596433
-0.000004988534266
-0.000005628472100
-0.000006703123741
-0.000007777775382
-0.000009247257125
-0.000011111568970
-0.000012975880815
-0.000016155985980
-0.000019336091146
-0.000023155048439
-0.000027612857860
-0.000032070667281
-0.000027612857860
-0.000023155048439
-0.000019336091146
-0.000016155985980
-0.000012975880815
-0.000011111568970
-0.000009247257125
-0.000007777775382
-0.000006703123741
-0.000005628472100
-0.000004988534266
-0.000004348596433
-0.000003828961847
-0.000003429630510
-0.000003030299172
-0.000002768837607
-0.000002507376041
-0.000002287107887
-0.000002108033144
-0.000001928958400
-0.000001808701417
-0.000001688444433
-0.000001568187450
-0.000001480885185
-0.000001404567828
-0.000001599431088
-0.000001688789570
-0.000001790636835
-0.000001929950450
-0.000002069264066
-0.000002208577681
-0.000002413349508
-0.000002618121336
-0.000002867541922
-0.000003161611266
-0.000003455680611
-0.000003893497318
-0.000004331314025
-0.000004887287278
-0.000005561417074
-0.000006235546871
-0.000007298194917
-0.000008360842963
-0.000009725491111
-0.000011392139361
-0.000013058787612
-0.000015470252681
-0.000017881717750
-0.000020320804645
-0.000022787513366
-0.000025254222088
-0.000022787513366
-0.000020320804645
-0.000017881717750
-0.000015470252681
-0.000013058787612
-0.000011392139361
-0.000009725491111
-0.000008360842963
-0.000007298194917
-0.000006235546871
-0.000005561417074
-0.000004887287278
-0.000004331314025
-0.000003893497318
-0.000003455680611
-0.000003161611266
-0.000002867541922
-0.000002618121336
-0.000002413349508
-0.000002208577681
-0.000002069264066
-0.000001929950450
-0.000001790636835
-0.000001688789570
-0.000001599431088
-0.000001773500243
-0.000001873118200
-0.000001986044461
-0.000002138895631
-0.000002291746801
-0.000002444597971
-0.000002665277293
-0.000002885956615
-0.000003151512448
-0.000003461944792
-0.000003772377136
-0.000004221692093
-0.000004671007049
-0.000005228583198
-0.000005894420540
-0.000006560257883
-0.000007556787830
-0.000008553317778
-0.000009779487424
-0.000011235296769
-0.000012691106114
-0.000014590128754
-0.000016489151394
-0.000018230130046
-0.000019813064711
-0.000021395999377
-0.000019813064711
-0.000018230130046
-0.000016489151394
-0.000014590128754
-0.000012691106114
-0.000011235296769
-0.000009779487424
-0.000008553317778
-0.000007556787830
-0.000006560257883
-0.000005894420540
-0.000005228583198
-0.000004671007049
-0.000004221692093
-0.000003772377136
-0.000003461944792
-0.000003151512448
-0.000002885956615
-0.000002665277293
-0.000002444597971
-0.000002291746801
-0.000002138895631
-0.000001986044461
-0.000001873118200
-0.000001773500243
-0.000001940638028
-0.000002049588246
-0.000002172438167
-0.000002336987200
-0.000002501536232
-0.000002666085265
-0.000002899408885
-0.000003132732504
-0.000003410084523
-0.000003731464941
-0.000004052845358
-0.000004504662856
-0.000004956480353
-0.000005504080810
-0.000006147464226
-0.000006790847641
-0.000007703221323
-0.000008615595005
-0.000009692071180
-0.000010932649849
-0.000012173228517
-0.000013645207951
-0.000015117187384
-0.000016387311846
-0.000017455581336
-0.000018523850826
-0.000017455581336
-0.000016387311846
-0.000015117187384
-0.000013645207951
-0.000012173228517
-0.000010932649849
-0.000009692071180
-0.000008615595005
-0.000007703221323
-0.000006790847641
-0.000006147464226
-0.000005504080810
-0.000004956480353
-0.000004504662856
-0.000004052845358
-0.000003731464941
-0.000003410084523
-0.000003132732504
-0.000002899408885
-0.000002666085265
-0.000002501536232
-0.000002336987200
-0.000002172438167
-0.000002049588246
-0.000001940638028
-0.000002099905517
-0.000002217233655
-0.000002348868161
-0.000002523421768
-0.000002697975376
-0.000002872528983
-0.000003115863985
-0.000003359198988
-0.000003645167216
-0.000003973768671
-0.000004302370126
-0.000004751822723
-0.000005201275319
-0.000005733978779
-0.000006349933104
-0.000006965887428
-0.000007793405671
-0.000008620923913
-0.000009555242408
-0.000010596361154
-0.000011637479901
-0.000012736673630
-0.000013835867359
-0.000014707058340
-0.000015350246575
-0.000015993434810
-0.000015350246575
-0.000014707058340
-0.000013835867359
-0.000012736673630
-0.000011637479901
-0.000010596361154
-0.000009555242408
-0.000008620923913
-0.000007793405671
-0.000006965887428
-0.000006349933104
-0.000005733978779
-0.000005201275319
-0.000004751822723
-0.000004302370126
-0.000003973768671
-0.000003645167216
-0.000003359198988
-0.000003115863985
-0.000002872528983
-0.000002697975376
-0.000002523421768
-0.000002348868161
-0.000002217233655
-0.000002099905517
-0.000002235562112
-0.000002358405158
-0.000002495407021
-0.000002674885338
-0.000002854363654
-0.000003033841971
-0.000003279289612
-0.000003524737253
-0.000003809781766
-0.000004134423150
-0.000004459064533
-0.000004891549899
-0.000005324035265
-0.000005827077818
-0.000006400677559
-0.000006974277299
-0.000007714842582
-0.000008455407865
-0.000009270176050
-0.000010159147137
-0.000011048118223
-0.000011937298755
-0.000012826479286
-0.000013514498920
-0.000014001357657
-0.000014488216394
-0.000014001357657
-0.000013514498920
-0.000012826479286
-0.000011937298755
-0.000011048118223
-0.000010159147137
-0.000009270176050
-0.000008455407865
-0.000007714842582
-0.000006974277299
-0.000006400677559
-0.000005827077818
-0.000005324035265
-0.000004891549899
-0.000004459064533
-0.000004134423150
-0.000003809781766
-0.000003524737253
-0.000003279289612
-0.000003033841971
-0.000002854363654
-0.000002674885338
-0.000002495407021
-0.000002358405158
-0.000002235562112
-0.000002371218708
-0.000002499576660
-0.000002641945880
-0.000002826348907
-0.000003010751933
-0.000003195154960
-0.000003442715239
-0.000003690275519
-0.000003974396315
-0.000004295077628
-0.000004615758941
-0.000005031277076
-0.000005446795212
-0.000005920176858
-0.000006451422014
-0.000006982667170
-0.000007636279494
-0.000008289891818
-0.000008985109693
-0.000009721933119
-0.000010458756546
-0.000011137923880
-0.000011817091214
-0.000012321939501
-0.000012652468739
-0.000012982997978
-0.000012652468739
-0.000012321939501
-0.000011817091214
-0.000011137923880
-0.000010458756546
-0.000009721933119
-0.000008985109693
-0.000008289891818
-0.000007636279494
-0.000006982667170
-0.000006451422014
-0.000005920176858
-0.000005446795212
-0.000005031277076
-0.000004615758941
-0.000004295077628
-0.000003974396315
-0.000003690275519
-0.000003442715239
-0.000003195154960
-0.000003010751933
-0.000002826348907
-0.000002641945880
-0.000002499576660
-0.000002371218708
-0.000002483383992
-0.000002614750614
-0.000002759633408
-0.000002945064717
-0.000003130496026
-0.000003315927335
-0.000003560422361
-0.000003804917387
-0.000004082535258
-0.000004393275975
-0.000004704016691
-0.000005097248642
-0.000005490480592
-0.000005931280266
-0.000006419647663
-0.000006908015060
-0.000007488006849
-0.000008067998638
-0.000008671216823
-0.000009297661405
-0.000009924105987
-0.000010472261711
-0.000011020417435
-0.000011418773634
-0.000011667330308
-0.000011915886981
-0.000011667330308
-0.000011418773634
-0.000011020417435
-0.000010472261711
-0.000009924105987
-0.000009297661405
-0.000008671216823
-0.000008067998638
-0.000007488006849
-0.000006908015060
-0.000006419647663
-0.000005931280266
-0.000005490480592
-0.000005097248642
-0.000004704016691
-0.000004393275975
-0.000004082535258
-0.000003804917387
-0.000003560422361
-0.000003315927335
-0.000003130496026
-0.000002945064717
-0.000002759633408
-0.000002614750614
-0.000002483383992
-0.000002587718840
-0.000002721258720
-0.000002867703825
-0.000003052864608
-0.000003238025390
-0.000003423186172
-0.000003662889981
-0.000003902593789
-0.000004171848999
-0.000004470655611
-0.000004769462223
-0.000005138635004
-0.000005507807784
-0.000005915051798
-0.000006360367044
-0.000006805682290
-0.000007316497686
-0.000007827313081
-0.000008347715117
-0.000008877703792
-0.000009407692467
-0.000009851170444
-0.000010294648421
-0.000010612072285
-0.000010803442038
-0.000010994811790
-0.000010803442038
-0.000010612072285
-0.000010294648421
-0.000009851170444
-0.000009407692467
-0.000008877703792
-0.000008347715117
-0.000007827313081
-0.000007316497686
-0.000006805682290
-0.000006360367044
-0.000005915051798
-0.000005507807784
-0.000005138635004
-0.000004769462223
-0.000004470655611
-0.000004171848999
-0.000003902593789
-0.000003662889981
-0.000003423186172
-0.000003238025390
-0.000003052864608
-0.000002867703825
-0.000002721258720
-0.000002587718840
-0.000002684915039
-0.000002819981220
-0.000002967289114
-0.000003151322147
-0.000003335355180
-0.000003519388213
-0.000003753377625
-0.000003987367037
-0.000004247423786
-0.000004533547873
-0.000004819671960
-0.000005164728530
-0.000005509785100
-0.000005884248039
-0.000006288117346
-0.000006691986653
-0.000007138354089
-0.000007584721524
-0.000008029246597
-0.000008471929305
-0.000008914612014
-0.000009265804348
-0.000009616996682
-0.000009863710585
-0.000010005946056
-0.000010148181528
-0.000010005946056
-0.000009863710585
-0.000009616996682
-0.000009265804348
-0.000008914612014
-0.000008471929305
-0.000008029246597
-0.000007584721524
-0.000007138354089
-0.000006691986653
-0.000006288117346
-0.000005884248039
-0.000005509785100
-0.000005164728530
-0.000004819671960
-0.000004533547873
-0.000004247423786
-0.000003987367037
-0.000003753377625
-0.000003519388213
-0.000003335355180
-0.000003151322147
-0.000002967289114
-0.000002819981220
-0.000002684915039
-0.000002760695295
-0.000002895346906
-0.000003041419018
-0.000003221752634
-0.000003402086251
-0.000003582419867
-0.000003807925343
-0.000004033430820
-0.000004281781708
-0.000004552978009
-0.000004824174309
-0.000005144943548
-0.000005465712788
-0.000005809718409
-0.000006176960412
-0.000006544202415
-0.000006940307192
-0.000007336411968
-0.000007725877637
-0.000008108704198
-0.000008491530760
-0.000008787613765
-0.000009083696770
-0.000009290367829
-0.000009407626941
-0.000009524886054
-0.000009407626941
-0.000009290367829
-0.000009083696770
-0.000008787613765
-0.000008491530760
-0.000008108704198
-0.000007725877637
-0.000007336411968
-0.000006940307192
-0.000006544202415
-0.000006176960412
-0.000005809718409
-0.000005465712788
-0.000005144943548
-0.000004824174309
-0.000004552978009
-0.000004281781708
-0.000004033430820
-0.000003807925343
-0.000003582419867
-0.000003402086251
-0.000003221752634
-0.000003041419018
-0.000002895346906
-0.000002760695295
-0.000002836475551
-0.000002970712591
-0.000003115548921
-0.000003292183121
-0.000003468817321
-0.000003645451521
-0.000003862473062
-0.000004079494603
-0.000004316139631
-0.000004572408145
-0.000004828676658
-0.000005125158567
-0.000005421640476
-0.000005735188780
-0.000006065803479
-0.000006396418177
-0.000006742260295
-0.000007088102412
-0.000007422508678
-0.000007745479091
-0.000008068449505
-0.000008309423181
-0.000008550396858
-0.000008717025072
-0.000008809307826
-0.000008901590579
-0.000008809307826
-0.000008717025072
-0.000008550396858
-0.000008309423181
-0.000008068449505
-0.000007745479091
-0.000007422508678
-0.000007088102412
-0.000006742260295
-0.000006396418177
-0.000006065803479
-0.000005735188780
-0.000005421640476
-0.000005125158567
-0.000004828676658
-0.000004572408145
-0.000004316139631
-0.000004079494603
-0.000003862473062
-0.000003645451521
-0.000003468817321
-0.000003292183121
-0.000003115548921
-0.000002970712591
-0.000002836475551
-0.000002893916229
-0.000003026391943
-0.000003168622552
-0.000003340117849
-0.000003511613146
-0.000003683108443
-0.000003890588083
-0.000004098067722
-0.000004322447762
-0.000004563728201
-0.000004805008641
-0.000005079264215
-0.000005353519789
-0.000005640533585
-0.000005940305603
-0.000006240077621
-0.000006546801854
-0.000006853526087
-0.000007146785834
-0.000007426581096
-0.000007706376358
-0.000007910361111
-0.000008114345863
-0.000008254632895
-0.000008331222206
-0.000008407811517
-0.000008331222206
-0.000008254632895
-0.000008114345863
-0.000007910361111
-0.000007706376358
-0.000007426581096
-0.000007146785834
-0.000006853526087
-0.000006546801854
-0.000006240077621
-0.000005940305603
-0.000005640533585
-0.000005353519789
-0.000005079264215
-0.000004805008641
-0.000004563728201
-0.000004322447762
-0.000004098067722
-0.000003890588083
-0.000003683108443
-0.000003511613146
-0.000003340117849
-0.000003168622552
-0.000003026391943
-0.000002893916229
-0.000002945243715
-0.000003075509183
-0.000003214677426
-0.000003380553992
-0.000003546430557
-0.000003712307123
-0.000003909892204
-0.000004107477286
-0.000004319405962
-0.000004545678232
-0.000004771950502
-0.000005024666740
-0.000005277382977
-0.000005539169868
-0.000005810027413
-0.000006080884957
-0.000006352206231
-0.000006623527505
-0.000006880278363
-0.000007122458806
-0.000007364639248
-0.000007537675212
-0.000007710711175
-0.000007829224244
-0.000007893214419
-0.000007957204593
-0.000007893214419
-0.000007829224244
-0.000007710711175
-0.000007537675212
-0.000007364639248
-0.000007122458806
-0.000006880278363
-0.000006623527505
-0.000006352206231
-0.000006080884957
-0.000005810027413
-0.000005539169868
-0.000005277382977
-0.000005024666740
-0.000004771950502
-0.000004545678232
-0.000004319405962
-0.000004107477286
-0.000003909892204
-0.000003712307123
-0.000003546430557
-0.000003380553992
-0.000003214677426
-0.000003075509183
-0.000002945243715
-0.000002991577909
-0.000003119357254
-0.000003255205354
-0.000003415259714
-0.000003575314074
-0.000003735368434
-0.000003923054796
-0.000004110741158
-0.000004310383235
-0.000004521981027
-0.000004733578819
-0.000004965652780
-0.000005197726742
-0.000005435587836
-0.000005679236061
-0.000005922884287
-0.000006161446420
-0.000006400008552
-0.000006623241643
-0.000006831145691
-0.000007039049739
-0.000007184253749
-0.000007329457759
-0.000007428445770
-0.000007481217781
-0.000007533989793
-0.000007481217781
-0.000007428445770
-0.000007329457759
-0.000007184253749
-0.000007039049739
-0.000006831145691
-0.000006623241643
-0.000006400008552
-0.000006161446420
-0.000005922884287
-0.000005679236061
-0.000005435587836
-0.000005197726742
-0.000004965652780
-0.000004733578819
-0.000004521981027
-0.000004310383235
-0.000004110741158
-0.000003923054796
-0.000003735368434
-0.000003575314074
-0.000003415259714
-0.000003255205354
-0.000003119357254
-0.000002991577909
-0.000003022932228
-0.000003147397816
-0.000003279152441
-0.000003432774174
-0.000003586395907
-0.000003740017641
-0.000003917792799
-0.000004095567957
-0.000004283417729
-0.000004481342116
-0.000004679266502
-0.000004893389369
-0.000005107512237
-0.000005325350855
-0.000005546905225
-0.000005768459596
-0.000005982194042
-0.000006195928488
-0.000006394617175
-0.000006578260104
-0.000006761903032
-0.000006888625595
-0.000007015348157
-0.000007101557823
-0.000007147254593
-0.000007192951362
-0.000007147254593
-0.000007101557823
-0.000007015348157
-0.000006888625595
-0.000006761903032
-0.000006578260104
-0.000006394617175
-0.000006195928488
-0.000005982194042
-0.000005768459596
-0.000005546905225
-0.000005325350855
-0.000005107512237
-0.000004893389369
-0.000004679266502
-0.000004481342116
-0.000004283417729
-0.000004095567957
-0.000003917792799
-0.000003740017641
-0.000003586395907
-0.000003432774174
-0.000003279152441
-0.000003147397816
-0.000003022932228
-0.000003054286547
-0.000003175438378
-0.000003303099529
-0.000003450288635
-0.000003597477741
-0.000003744666848
-0.000003912530801
-0.000004080394755
-0.000004256452223
-0.000004440703205
-0.000004624954186
-0.000004821125959
-0.000005017297731
-0.000005215113875
-0.000005414574389
-0.000005614034904
-0.000005802941664
-0.000005991848424
-0.000006165992708
-0.000006325374517
-0.000006484756326
-0.000006592997441
-0.000006701238555
-0.000006774669877
-0.000006813291404
-0.000006851912932
-0.000006813291404
-0.000006774669877
-0.000006701238555
-0.000006592997441
-0.000006484756326
-0.000006325374517
-0.000006165992708
-0.000005991848424
-0.000005802941664
-0.000005614034904
-0.000005414574389
-0.000005215113875
-0.000005017297731
-0.000004821125959
-0.000004624954186
-0.000004440703205
-0.000004256452223
-0.000004080394755
-0.000003912530801
-0.000003744666848
-0.000003597477741
-0.000003450288635
-0.000003303099529
-0.000003175438378
-0.000003054286547
-0.000003073857138
-0.000003191271243
-0.000003314503533
-0.000003455190376
-0.000003595877220
-0.000003736564064
-0.000003895056201
-0.000004053548338
-0.000004218776229
-0.000004390739874
-0.000004562703519
-0.000004743511925
-0.000004924320331
-0.000005105435742
-0.000005286858156
-0.000005468280571
-0.000005637812062
-0.000005807343552
-0.000005962720318
-0.000006103942359
-0.000006245164400
-0.000006340051165
-0.000006434937930
-0.000006499196066
-0.000006532825573
-0.000006566455081
-0.000006532825573
-0.000006499196066
-0.000006434937930
-0.000006340051165
-0.000006245164400
-0.000006103942359
-0.000005962720318
-0.000005807343553
-0.000005637812062
-0.000005468280571
-0.000005286858156
-0.000005105435742
-0.000004924320331
-0.000004743511925
-0.000004562703519
-0.000004390739874
-0.000004218776229
-0.000004053548338
-0.000003895056201
-0.000003736564064
-0.000003595877220
-0.000003455190376
-0.000003314503533
-0.000003191271243
-0.000003073857138
-0.000003089499821
-0.000003203034876
-0.000003321726509
-0.000003455887878
-0.000003590049247
-0.000003724210616
-0.000003873510733
-0.000004022810849
-0.000004177530073
-0.000004337668404
-0.000004497806735
-0.000004664114351
-0.000004830421967
-0.000004995943891
-0.000005160680125
-0.000005325416358
-0.000005477390052
-0.000005629363746
-0.000005767898621
-0.000005892994677
-0.000006018090734
-0.000006101332182
-0.000006184573630
-0.000006240860301
-0.000006270192195
-0.000006299524089
-0.000006270192195
-0.000006240860301
-0.000006184573630
-0.000006101332182
-0.000006018090734
-0.000005892994677
-0.000005767898621
-0.000005629363746
-0.000005477390052
-0.000005325416358
-0.000005160680125
-0.000004995943891
-0.000004830421967
-0.000004664114351
-0.000004497806735
-0.000004337668404
-0.000004177530073
-0.000004022810849
-0.000003873510733
-0.000003724210616
-0.000003590049247
-0.000003455887878
-0.000003321726509
-0.000003203034876
-0.000003089499821
-0.000003102149821
-0.000003211760224
-0.000003325897507
-0.000003453615430
-0.000003581333352
-0.000003709051275
-0.000003849417457
-0.000003989783638
-0.000004134359291
-0.000004283144417
-0.000004431929542
-0.000004584475835
-0.000004737022127
-0.000004887831678
-0.000005036904487
-0.000005185977296
-0.000005321633998
-0.000005457290700
-0.000005580239469
-0.000005690480306
-0.000005800721142
-0.000005873308919
-0.000005945896695
-0.000005994898865
-0.000006020315427
-0.000006045731989
-0.000006020315427
-0.000005994898865
-0.000005945896695
-0.000005873308919
-0.000005800721142
-0.000005690480306
-0.000005580239469
-0.000005457290700
-0.000005321633998
-0.000005185977296
-0.000005036904487
-0.000004887831678
-0.000004737022127
-0.000004584475835
-0.000004431929542
-0.000004283144417
-0.000004134359291
-0.000003989783638
-0.000003849417457
-0.000003709051275
-0.000003581333352
-0.000003453615430
-0.000003325897507
-0.000003211760224
-0.000003102149821
-0.000003105821774
-0.000003211370718
-0.000003320912566
-0.000003442433129
-0.000003563953692
-0.000003685474255
-0.000003817680756
-0.000003949887258
-0.000004085414632
-0.000004224262877
-0.000004363111123
-0.000004504114493
-0.000004645117864
-0.000004783858378
-0.000004920336034
-0.000005056813690
-0.000005179875814
-0.000005302937937
-0.000005414067954
-0.000005513265864
-0.000005612463774
-0.000005677372816
-0.000005742281858
-0.000005786060416
-0.000005808708490
-0.000005831356564
-0.000005808708490
-0.000005786060416
-0.000005742281858
-0.000005677372816
-0.000005612463774
-0.000005513265864
-0.000005414067954
-0.000005302937937
-0.000005179875814
-0.000005056813690
-0.000004920336034
-0.000004783858378
-0.000004645117864
-0.000004504114493
-0.000004363111123
-0.000004224262877
-0.000004085414632
-0.000003949887258
-0.000003817680756
-0.000003685474255
-0.000003563953692
-0.000003442433129
-0.000003320912566
-0.000003211370718
-0.000003105821774
0.000002706540357
0.000002700708861
0.000002689045867
0.000002677382874
0.000002669430606
0.000002637621531
0.000002605812457
0.000002561961273
0.000002514096052
0.000002460046880
0.000002387445859
0.000002314844837
0.000002220547804
0.000002119018767
0.000002009533853
0.000001876181305
0.000001742828757
0.000001585386693
0.000001419914789
0.000001247333181
0.000001053422459
0.000000859511738
0.000000650636575
0.000000436773265
0.000000221100626
0.000000000000000
-0.000000221100626
-0.000000436773265
-0.000000650636575
-0.000000859511738
-0.000001053422459
-0.000001247333181
-0.000001419914789
-0.000001585386693
-0.000001742828757
-0.000001876181305
-0.000002009533853
-0.000002119018767
-0.000002220547804
-0.000002314844837
-0.000002387445859
-0.000002460046880
-0.000002514096052
-0.000002561961273
-0.000002605812457
-0.000002637621531
-0.000002669430606
-0.000002677382874
-0.000002689045867
-0.000002700708861
-0.000002706540357
0.000002811626947
0.000002808801178
0.000002803149640
0.000002797498102
0.000002790520118
0.000002762608179
0.000002734696241
0.000002693535771
0.000002647959123
0.000002595750000
0.000002523643450
0.000002451536900
0.000002355785583
0.000002252152678
0.000002139719649
0.000002000886250
0.000001862052852
0.000001696215047
0.000001521375773
0.000001338475285
0.000001131391153
0.000000924307022
0.000000700108358
0.000000470204850
0.000000238221775
0.000000000000000
-0.000000238221775
-0.000000470204850
-0.000000700108358
-0.000000924307022
-0.000001131391153
-0.000001338475285
-0.000001521375773
-0.000001696215047
-0.000001862052852
-0.000002000886250
-0.000002139719649
-0.000002252152678
-0.000002355785583
-0.000002451536900
-0.000002523643450
-0.000002595750000
-0.000002647959123
-0.000002693535771
-0.000002734696241
-0.000002762608179
-0.000002790520118
-0.000002797498102
-0.000002803149640
-0.000002808801178
-0.000002811626947
0.000002920453369
0.000002921094882
0.000002922377908
0.000002923660934
0.000002917881916
0.000002894765846
0.000002871649776
0.000002834049410
0.000002791620945
0.000002742105943
0.000002671331331
0.000002600556718
0.000002504037743
0.000002398937314
0.000002284077577
0.000002139939915
0.000001995802253
0.000001821183073
0.000001636403387
0.000001442374996
0.000001220600492
0.000000998825988
0.000000757146107
0.000000508831100
0.000000258075876
0.000000000000000
-0.000000258075876
-0.000000508831100
-0.000000757146107
-0.000000998825988
-0.000001220600492
-0.000001442374996
-0.000001636403387
-0.000001821183073
-0.000001995802253
-0.000002139939915
-0.000002284077577
-0.000002398937314
-0.000002504037743
-0.000002600556718
-0.000002671331331
-0.000002742105943
-0.000002791620945
-0.000002834049410
-0.000002871649776
-0.000002894765846
-0.000002917881916
-0.000002923660934
-0.000002922377908
-0.000002921094882
-0.000002920453368
0.000003040499287
0.000003045992745
0.000003056979661
0.000003067966577
0.000003064060576
0.000003048436571
0.000003032812566
0.000003001380472
0.000002964679015
0.000002920420354
0.000002853490078
0.000002786559803
0.000002691333045
0.000002586674126
0.000002470951897
0.000002322039737
0.000002173127577
0.000001988570115
0.000001792130886
0.000001584547524
0.000001343531762
0.000001102516000
0.000000836881753
0.000000563041343
0.000000286128829
0.000000000000000
-0.000000286128829
-0.000000563041343
-0.000000836881753
-0.000001102516000
-0.000001343531762
-0.000001584547524
-0.000001792130886
-0.000001988570115
-0.000002173127577
-0.000002322039737
-0.000002470951897
-0.000002586674126
-0.000002691333045
-0.000002786559803
-0.000002853490078
-0.000002920420354
-0.000002964679015
-0.000003001380472
-0.000003032812566
-0.000003048436571
-0.000003064060575
-0.000003067966577
-0.000003056979661
-0.000003045992745
-0.000003040499287
0.000003160545206
0.000003170890609
0.000003191581414
0.000003212272220
0.000003210239235
0.000003202107295
0.000003193975356
0.000003168711535
0.000003137737086
0.000003098734765
0.000003035648826
0.000002972562887
0.000002878628347
0.000002774410939
0.000002657826218
0.000002504139559
0.000002350452900
0.000002155957157
0.000001947858386
0.000001726720053
0.000001466463033
0.000001206206013
0.000000916617399
0.000000617251586
0.000000314181782
0.000000000000000
-0.000000314181782
-0.000000617251586
-0.000000916617399
-0.000001206206013
-0.000001466463033
-0.000001726720053
-0.000001947858386
-0.000002155957157
-0.000002350452900
-0.000002504139559
-0.000002657826218
-0.000002774410938
-0.000002878628347
-0.000002972562887
-0.000003035648826
-0.000003098734765
-0.000003137737086
-0.000003168711535
-0.000003193975356
-0.000003202107295
-0.000003210239235
-0.000003212272220
-0.000003191581414
-0.000003170890609
-0.000003160545206
0.000003280591125
0.000003295788472
0.000003326183167
0.000003356577862
0.000003356417894
0.000003355778020
0.000003355138146
0.000003336042597
0.000003310795156
0.000003277049175
0.000003217807574
0.000003158565972
0.000003065923648
0.000002962147751
0.000002844700538
0.000002686239381
0.000002527778224
0.000002323344199
0.000002103585886
0.000001868892581
0.000001589394303
0.000001309896026
0.000000996353045
0.000000671461830
0.000000342234735
0.000000000000000
-0.000000342234735
-0.000000671461830
-0.000000996353045
-0.000001309896026
-0.000001589394303
-0.000001868892581
-0.000002103585886
-0.000002323344199
-0.000002527778224
-0.000002686239381
-0.000002844700538
-0.000002962147751
-0.000003065923648
-0.000003158565972
-0.000003217807574
-0.000003277049175
-0.000003310795156
-0.000003336042597
-0.000003355138146
-0.000003355778020
-0.000003356417894
-0.000003356577862
-0.000003326183167
-0.000003295788472
-0.000003280591125
0.000003410264977
0.000003432100722
0.000003475772210
0.000003519443699
0.000003522149912
0.000003532974763
0.000003543799615
0.000003535078122
0.000003519841182
0.000003495776921
0.000003445230700
0.000003394684478
0.000003308049467
0.000003209384861
0.000003095337148
0.000002935140118
0.000002774943088
0.000002560787980
0.000002328646846
0.000002078203299
0.000001772852512
0.000001467501724
0.000001118662753
0.000000755327720
0.000000386261157
0.000000000000000
-0.000000386261157
-0.000000755327720
-0.000001118662753
-0.000001467501724
-0.000001772852512
-0.000002078203299
-0.000002328646846
-0.000002560787980
-0.000002774943088
-0.000002935140118
-0.000003095337148
-0.000003209384861
-0.000003308049467
-0.000003394684478
-0.000003445230700
-0.000003495776921
-0.000003519841182
-0.000003535078122
-0.000003543799614
-0.000003532974763
-0.000003522149912
-0.000003519443699
-0.000003475772210
-0.000003432100722
-0.000003410264977
0.000003539938830
0.000003568412971
0.000003625361254
0.000003682309536
0.000003687881930
0.000003710171507
0.000003732461083
0.000003734113647
0.000003728887207
0.000003714504667
0.000003672653825
0.000003630802984
0.000003550175287
0.000003456621970
0.000003345973758
0.000003184040855
0.000003022107953
0.000002798231761
0.000002553707807
0.000002287514017
0.000001956310720
0.000001625107423
0.000001240972461
0.000000839193611
0.000000430287578
0.000000000000000
-0.000000430287578
-0.000000839193611
-0.000001240972461
-0.000001625107423
-0.000001956310720
-0.000002287514017
-0.000002553707807
-0.000002798231761
-0.000003022107953
-0.000003184040855
-0.000003345973758
-0.000003456621970
-0.000003550175287
-0.000003630802984
-0.000003672653825
-0.000003714504667
-0.000003728887207
-0.000003734113647
-0.000003732461083
-0.000003710171507
-0.000003687881930
-0.000003682309536
-0.000003625361254
-0.000003568412971
-0.000003539938830
0.000003672402484
0.000003708363306
0.000003780284949
0.000003852206593
0.000003861176742
0.000003897057340
0.000003932937939
0.000003947402256
0.000003954727814
0.000003952744280
0.000003922833474
0.000003892922667
0.000003821860559
0.000003737081350
0.000003633385152
0.000003472937987
0.000003312490822
0.000003080521425
0.000002824711284
0.000002542760886
0.000002182389716
0.000001822018546
0.000001394915332
0.000000945568103
0.000000486846145
0.000000000000000
-0.000000486846145
-0.000000945568103
-0.000001394915332
-0.000001822018546
-0.000002182389716
-0.000002542760886
-0.000002824711284
-0.000003080521425
-0.000003312490822
-0.000003472937987
-0.000003633385152
-0.000003737081350
-0.000003821860559
-0.000003892922667
-0.000003922833474
-0.000003952744280
-0.000003954727814
-0.000003947402256
-0.000003932937939
-0.000003897057340
-0.000003861176742
-0.000003852206593
-0.000003780284949
-0.000003708363306
-0.000003672402484
0.000003807655940
0.000003851951726
0.000003940543298
0.000004029134869
0.000004042034348
0.000004093632265
0.000004145230181
0.000004174943949
0.000004197363001
0.000004210495761
0.000004195769644
0.000004181043528
0.000004123105285
0.000004050763000
0.000003957571332
0.000003801831514
0.000003646091695
0.000003407656971
0.000003141657279
0.000002843943908
0.000002451089500
0.000002058235093
0.000001580491364
0.000001074451196
0.000000555936855
0.000000000000000
-0.000000555936855
-0.000001074451196
-0.000001580491364
-0.000002058235092
-0.000002451089500
-0.000002843943908
-0.000003141657279
-0.000003407656971
-0.000003646091695
-0.000003801831514
-0.000003957571332
-0.000004050763000
-0.000004123105285
-0.000004181043528
-0.000004195769644
-0.000004210495761
-0.000004197363001
-0.000004174943949
-0.000004145230181
-0.000004093632265
-0.000004042034348
-0.000004029134869
-0.000003940543298
-0.000003851951726
-0.000003807655940
0.000003942909397
0.000003995540147
0.000004100801646
0.000004206063145
0.000004222891954
0.000004290207189
0.000004357522424
0.000004402485643
0.000004439998189
0.000004468247242
0.000004468705815
0.000004469164388
0.000004424350011
0.000004364444650
0.000004281757512
0.000004130725040
0.000003979692568
0.000003734792518
0.000003458603274
0.000003145126930
0.000002719789285
0.000002294451639
0.000001766067397
0.000001203334289
0.000000625027566
0.000000000000000
-0.000000625027566
-0.000001203334289
-0.000001766067397
-0.000002294451639
-0.000002719789285
-0.000003145126930
-0.000003458603274
-0.000003734792518
-0.000003979692568
-0.000004130725040
-0.000004281757512
-0.000004364444650
-0.000004424350011
-0.000004469164388
-0.000004468705815
-0.000004468247242
-0.000004439998189
-0.000004402485643
-0.000004357522424
-0.000004290207189
-0.000004222891954
-0.000004206063145
-0.000004100801646
-0.000003995540146
-0.000003942909397
0.000004079229593
0.000004141830114
0.000004267031155
0.000004392232197
0.000004414181567
0.000004501979049
0.000004589776532
0.000004655996086
0.000004715022998
0.000004765536907
0.000004790511806
0.000004815486705
0.000004795362479
0.000004760205210
0.000004700659462
0.000004567948271
0.000004435237081
0.000004194468787
0.000003917681460
0.000003594456172
0.000003131917005
0.000002669377838
0.000002066618843
0.000001417119906
0.000000743996563
0.000000000000000
-0.000000743996563
-0.000001417119906
-0.000002066618843
-0.000002669377838
-0.000003131917005
-0.000003594456172
-0.000003917681460
-0.000004194468787
-0.000004435237081
-0.000004567948271
-0.000004700659462
-0.000004760205210
-0.000004795362479
-0.000004815486705
-0.000004790511806
-0.000004765536907
-0.000004715022998
-0.000004655996086
-0.000004589776532
-0.000004501979049
-0.000004414181567
-0.000004392232197
-0.000004267031155
-0.000004141830114
-0.000004079229593
0.000004215549790
0.000004288120082
0.000004433260665
0.000004578401248
0.000004605471180
0.000004713750910
0.000004822030639
0.000004909506530
0.000004990047808
0.000005062826573
0.000005112317798
0.000005161809022
0.000005166374946
0.000005155965770
0.000005119561411
0.000005005171502
0.000004890781593
0.000004654145057
0.000004376759645
0.000004043785413
0.000003544044725
0.000003044304036
0.000002367170290
0.000001630905524
0.000000862965560
0.000000000000000
-0.000000862965560
-0.000001630905524
-0.000002367170290
-0.000003044304036
-0.000003544044725
-0.000004043785413
-0.000004376759645
-0.000004654145057
-0.000004890781593
-0.000005005171502
-0.000005119561411
-0.000005155965770
-0.000005166374946
-0.000005161809022
-0.000005112317797
-0.000005062826573
-0.000004990047808
-0.000004909506530
-0.000004822030639
-0.000004713750910
-0.000004605471180
-0.000004578401248
-0.000004433260665
-0.000004288120082
-0.000004215549790
0.000004349160904
0.000004432308585
0.000004598603948
0.000004764899310
0.000004797652983
0.000004928667675
0.000005059682366
0.000005171650224
0.000005277269137
0.000005376498594
0.000005456559686
0.000005536620777
0.000005574506463
0.000005598333680
0.000005595451268
0.000005512439972
0.000005429428676
0.000005210419323
0.000004946077284
0.000004614615533
0.000004081794645
0.000003548973756
0.000002780700349
0.000001933942770
0.000001039099668
0.000000000000000
-0.000001039099668
-0.000001933942770
-0.000002780700349
-0.000003548973756
-0.000004081794645
-0.000004614615533
-0.000004946077284
-0.000005210419323
-0.000005429428675
-0.000005512439972
-0.000005595451268
-0.000005598333680
-0.000005574506463
-0.000005536620777
-0.000005456559686
-0.000005376498594
-0.000005277269137
-0.000005171650224
-0.000005059682366
-0.000004928667675
-0.000004797652983
-0.000004764899310
-0.000004598603948
-0.000004432308585
-0.000004349160904
0.000004480062936
0.000004574395625
0.000004763061003
0.000004951726382
0.000004990726974
0.000005146729344
0.000005302731715
0.000005442427169
0.000005576686985
0.000005706552971
0.000005823237471
0.000005939921970
0.000006019757028
0.000006087308938
0.000006128329032
0.000006089753680
0.000006051178327
0.000005863291585
0.000005625634379
0.000005306946533
0.000004745166765
0.000004183386996
0.000003307209021
0.000002326231643
0.000001272398887
0.000000000000000
-0.000001272398887
-0.000002326231643
-0.000003307209021
-0.000004183386996
-0.000004745166765
-0.000005306946533
-0.000005625634379
-0.000005863291585
-0.000006051178327
-0.000006089753680
-0.000006128329032
-0.000006087308938
-0.000006019757028
-0.000005939921970
-0.000005823237471
-0.000005706552971
-0.000005576686985
-0.000005442427169
-0.000005302731715
-0.000005146729344
-0.000004990726974
-0.000004951726381
-0.000004763061003
-0.000004574395625
-0.000004480062936
0.000004610964968
0.000004716482665
0.000004927518059
0.000005138553453
0.000005183800965
0.000005364791014
0.000005545781063
0.000005713204114
0.000005876104833
0.000006036607348
0.000006189915256
0.000006343223163
0.000006465007593
0.000006576284196
0.000006661206796
0.000006667067388
0.000006672927979
0.000006516163847
0.000006305191474
0.000005999277532
0.000005408538884
0.000004817800237
0.000003833717693
0.000002718520516
0.000001505698106
0.000000000000000
-0.000001505698106
-0.000002718520516
-0.000003833717693
-0.000004817800237
-0.000005408538884
-0.000005999277532
-0.000006305191473
-0.000006516163847
-0.000006672927979
-0.000006667067388
-0.000006661206796
-0.000006576284196
-0.000006465007593
-0.000006343223163
-0.000006189915256
-0.000006036607348
-0.000005876104832
-0.000005713204114
-0.000005545781063
-0.000005364791014
-0.000005183800965
-0.000005138553453
-0.000004927518059
-0.000004716482665
-0.000004610964968
0.000004728085660
0.000004845078136
0.000005079063090
0.000005313048043
0.000005365242693
0.000005574021294
0.000005782799895
0.000005983196922
0.000006180800092
0.000006379734267
0.000006582661455
0.000006785588642
0.000006971605071
0.000007151984579
0.000007310991960
0.000007405882956
0.000007500773953
0.000007435180395
0.000007316091985
0.000007086321287
0.000006524503724
0.000005962686162
0.000004844923475
0.000003541845746
0.000002051629960
0.000000000000000
-0.000002051629960
-0.000003541845746
-0.000004844923475
-0.000005962686162
-0.000006524503724
-0.000007086321287
-0.000007316091985
-0.000007435180395
-0.000007500773953
-0.000007405882956
-0.000007310991959
-0.000007151984579
-0.000006971605071
-0.000006785588642
-0.000006582661455
-0.000006379734267
-0.000006180800092
-0.000005983196922
-0.000005782799895
-0.000005574021294
-0.000005365242693
-0.000005313048043
-0.000005079063090
-0.000004845078136
-0.000004728085660
0.000004845206351
0.000004973673607
0.000005230608120
0.000005487542633
0.000005546684421
0.000005783251574
0.000006019818727
0.000006253189731
0.000006485495352
0.000006722861185
0.000006975407653
0.000007227954122
0.000007478202549
0.000007727684962
0.000007960777123
0.000008144698525
0.000008328619927
0.000008354196943
0.000008326992497
0.000008173365042
0.000007640468564
0.000007107572086
0.000005856129257
0.000004365170977
0.000002597561813
0.000000000000000
-0.000002597561813
-0.000004365170977
-0.000005856129257
-0.000007107572086
-0.000007640468564
-0.000008173365042
-0.000008326992497
-0.000008354196943
-0.000008328619927
-0.000008144698525
-0.000007960777123
-0.000007727684962
-0.000007478202549
-0.000007227954122
-0.000006975407653
-0.000006722861185
-0.000006485495352
-0.000006253189731
-0.000006019818727
-0.000005783251574
-0.000005546684421
-0.000005487542633
-0.000005230608120
-0.000004973673607
-0.000004845206351
0.000004950662348
0.000005090011025
0.000005368708378
0.000005647405732
0.000005713375390
0.000005977254021
0.000006241132652
0.000006507991724
0.000006775844276
0.000007053329962
0.000007359715050
0.000007666100139
0.000007990992207
0.000008322053270
0.000008646299642
0.000008950101944
0.000009253904245
0.000009427518793
0.000009557737423
0.000009555885306
0.000009157820949
0.000008759756592
0.000007433974927
0.000005798954159
0.000003658150867
0.000000000000000
-0.000003658150867
-0.000005798954159
-0.000007433974927
-0.000008759756592
-0.000009157820949
-0.000009555885306
-0.000009557737423
-0.000009427518793
-0.000009253904245
-0.000008950101944
-0.000008646299642
-0.000008322053270
-0.000007990992207
-0.000007666100138
-0.000007359715050
-0.000007053329962
-0.000006775844276
-0.000006507991724
-0.000006241132652
-0.000005977254021
-0.000005713375390
-0.000005647405732
-0.000005368708378
-0.000005090011025
-0.000004950662348
0.000005044453650
0.000005194090388
0.000005493363865
0.000005792637341
0.000005865315600
0.000006156028635
0.000006446741671
0.000006747602902
0.000007051846865
0.000007371140599
0.000007735583646
0.000008100026693
0.000008509974047
0.000008935089503
0.000009367559518
0.000009822093212
0.000010276626907
0.000010655145944
0.000011008326764
0.000011233882078
0.000011076560879
0.000010919239679
0.000009578460485
0.000007843195294
0.000005233397120
0.000000000000000
-0.000005233397120
-0.000007843195294
-0.000009578460485
-0.000010919239679
-0.000011076560879
-0.000011233882078
-0.000011008326764
-0.000010655145944
-0.000010276626906
-0.000009822093212
-0.000009367559518
-0.000008935089503
-0.000008509974047
-0.000008100026693
-0.000007735583646
-0.000007371140599
-0.000007051846865
-0.000006747602902
-0.000006446741671
-0.000006156028635
-0.000005865315600
-0.000005792637341
-0.000005493363865
-0.000005194090388
-0.000005044453650
0.000005138244952
0.000005298169752
0.000005618019351
0.000005937868951
0.000006017255811
0.000006334803250
0.000006652350689
0.000006987214079
0.000007327849453
0.000007688951235
0.000008111452242
0.000008533953248
0.000009028955887
0.000009548125736
0.000010088819394
0.000010694084481
0.000011299349568
0.000011882773096
0.000012458916104
0.000012911878850
0.000012995300808
0.000013078722766
0.000011722946044
0.000009887436428
0.000006808643373
0.000000000000000
-0.000006808643373
-0.000009887436428
-0.000011722946044
-0.000013078722766
-0.000012995300808
-0.000012911878850
-0.000012458916104
-0.000011882773096
-0.000011299349568
-0.000010694084481
-0.000010088819394
-0.000009548125736
-0.000009028955887
-0.000008533953248
-0.000008111452242
-0.000007688951235
-0.000007327849453
-0.000006987214079
-0.000006652350689
-0.000006334803250
-0.000006017255810
-0.000005937868951
-0.000005618019351
-0.000005298169752
-0.000005138244952
0.000005199432900
0.000005366635458
0.000005701040573
0.000006035445689
0.000006119879838
0.000006457616435
0.000006795353033
0.000007157371000
0.000007527482758
0.000007923735951
0.000008398413451
0.000008873090950
0.000009454896638
0.000010072411721
0.000010736095962
0.000011538287677
0.000012340479391
0.000013279603207
0.000014264371055
0.000015226733791
0.000016121881188
0.000017017028585
0.000016705851514
0.000015992566287
0.000012366081893
0.000000000000000
-0.000012366081893
-0.000015992566287
-0.000016705851514
-0.000017017028585
-0.000016121881188
-0.000015226733791
-0.000014264371055
-0.000013279603207
-0.000012340479391
-0.000011538287677
-0.000010736095962
-0.000010072411721
-0.000009454896638
-0.000008873090950
-0.000008398413451
-0.000007923735951
-0.000007527482758
-0.000007157371000
-0.000006795353033
-0.000006457616435
-0.000006119879838
-0.000006035445689
-0.000005701040573
-0.000005366635458
-0.000005199432900
0.000005260620848
0.000005435101164
0.000005784061795
0.000006133022427
0.000006222503866
0.000006580429621
0.000006938355376
0.000007327527921
0.000007727116063
0.000008158520667
0.000008685374660
0.000009212228652
0.000009880837389
0.000010596697706
0.000011383372530
0.000012382490873
0.000013381609215
0.000014676433317
0.000016069826006
0.000017541588732
0.000019248461568
0.000020955334404
0.000021688756984
0.000022097696145
0.000017923520413
0.000000000000000
-0.000017923520413
-0.000022097696145
-0.000021688756984
-0.000020955334404
-0.000019248461568
-0.000017541588732
-0.000016069826006
-0.000014676433317
-0.000013381609215
-0.000012382490873
-0.000011383372530
-0.000010596697706
-0.000009880837389
-0.000009212228652
-0.000008685374660
-0.000008158520667
-0.000007727116063
-0.000007327527921
-0.000006938355376
-0.000006580429621
-0.000006222503866
-0.000006133022427
-0.000005784061795
-0.000005435101164
-0.000005260620848
0.000005302041163
0.000005481484276
0.000005840370503
0.000006199256729
0.000006292216940
0.000006664057784
0.000007035898628
0.000007444023135
0.000007864242196
0.000008320496123
0.000008884854649
0.000009449213175
0.000010182915901
0.000010973066694
0.000011856330186
0.000013018931780
0.000014181533373
0.000015821604396
0.000017620831895
0.000019682975089
0.000022533865368
0.000025384755646
0.000030328242855
0.000035969262374
0.000032160021611
0.000000000000000
-0.000032160021611
-0.000035969262374
-0.000030328242855
-0.000025384755646
-0.000022533865368
-0.000019682975089
-0.000017620831895
-0.000015821604396
-0.000014181533373
-0.000013018931780
-0.000011856330186
-0.000010973066694
-0.000010182915901
-0.000009449213175
-0.000008884854649
-0.000008320496123
-0.000007864242196
-0.000007444023135
-0.000007035898628
-0.000006664057784
-0.000006292216940
-0.000006199256729
-0.000005840370503
-0.000005481484276
-0.000005302041163
0.000005323693846
0.000005505784796
0.000005869966695
0.000006234148595
0.000006329019060
0.000006708500924
0.000007087982788
0.000007506856641
0.000007938861156
0.000008409662318
0.000008996853419
0.000009584044520
0.000010361132176
0.000011201518683
0.000012154968931
0.000013447610398
0.000014740251866
0.000016715116442
0.000018917388722
0.000021650892862
0.000025978092588
0.000030305292313
0.000042624309128
0.000057607264973
0.000055075585486
0.000000000000000
-0.000055075585486
-0.000057607264973
-0.000042624309128
-0.000030305292313
-0.000025978092588
-0.000021650892862
-0.000018917388722
-0.000016715116442
-0.000014740251866
-0.000013447610398
-0.000012154968931
-0.000011201518683
-0.000010361132176
-0.000009584044520
-0.000008996853419
-0.000008409662318
-0.000007938861156
-0.000007506856641
-0.000007087982788
-0.000006708500924
-0.000006329019060
-0.000006234148594
-0.000005869966695
-0.000005505784796
-0.000005323693846
0.000005345346529
0.000005530085315
0.000005899562888
0.000006269040460
0.000006365821181
0.000006752944064
0.000007140066948
0.000007569690146
0.000008013480117
0.000008498828514
0.000009108852189
0.000009718875864
0.000010539348450
0.000011429970673
0.000012453607675
0.000013876289017
0.000015298970359
0.000017608628489
0.000020213945549
0.000023618810636
0.000029422319808
0.000035225828979
0.000054920375401
0.000079245267572
0.000077991149361
0.000000000000000
-0.000077991149361
-0.000079245267572
-0.000054920375401
-0.000035225828979
-0.000029422319808
-0.000023618810636
-0.000020213945549
-0.000017608628489
-0.000015298970359
-0.000013876289017
-0.000012453607675
-0.000011429970673
-0.000010539348450
-0.000009718875864
-0.000009108852189
-0.000008498828514
-0.000008013480117
-0.000007569690146
-0.000007140066948
-0.000006752944064
-0.000006365821181
-0.000006269040460
-0.000005899562888
-0.000005530085315
-0.000005345346529
0.000005324865181
0.000005506948588
0.000005871115403
0.000006235282218
0.000006330147682
0.000006709609537
0.000007089071391
0.000007507921480
0.000007939900981
0.000008410674791
0.000008997831527
0.000009584988264
0.000010362033465
0.000011202374822
0.000012155777034
0.000013448361811
0.000014740946587
0.000016715746063
0.000018917950439
0.000021651384298
0.000025978506605
0.000030305628912
0.000042624563492
0.000057607435497
0.000055075671600
0.000000000000000
-0.000055075671600
-0.000057607435497
-0.000042624563492
-0.000030305628912
-0.000025978506605
-0.000021651384298
-0.000018917950439
-0.000016715746063
-0.000014740946587
-0.000013448361811
-0.000012155777034
-0.000011202374822
-0.000010362033465
-0.000009584988263
-0.000008997831527
-0.000008410674791
-0.000007939900981
-0.000007507921480
-0.000007089071391
-0.000006709609537
-0.000006330147682
-0.000006235282218
-0.000005871115403
-0.000005506948588
-0.000005324865181
0.000005304383833
0.000005483811862
0.000005842667919
0.000006201523976
0.000006294474183
0.000006666275009
0.000007038075835
0.000007446152814
0.000007866321845
0.000008322521068
0.000008886810865
0.000009451100663
0.000010184718481
0.000010974778972
0.000011857946393
0.000013020434604
0.000014182922816
0.000015822863638
0.000017621955330
0.000019683957960
0.000022534693403
0.000025385428845
0.000030328751584
0.000035969603421
0.000032160193839
0.000000000000000
-0.000032160193839
-0.000035969603421
-0.000030328751584
-0.000025385428845
-0.000022534693403
-0.000019683957960
-0.000017621955330
-0.000015822863637
-0.000014182922816
-0.000013020434604
-0.000011857946393
-0.000010974778972
-0.000010184718481
-0.000009451100663
-0.000008886810865
-0.000008322521068
-0.000007866321845
-0.000007446152814
-0.000007038075835
-0.000006666275009
-0.000006294474183
-0.000006201523976
-0.000005842667919
-0.000005483811862
-0.000005304383833
0.000005264135183
0.000005438593498
0.000005787510128
0.000006136426758
0.000006225893476
0.000006583760349
0.000006941627222
0.000007330729519
0.000007730243624
0.000008161567146
0.000008688318918
0.000009215070690
0.000009883552688
0.000010599278095
0.000011385809220
0.000012384757498
0.000013383705775
0.000014678334077
0.000016071522386
0.000017543073424
0.000019249712645
0.000020956351866
0.000021689525985
0.000022098211737
0.000017923780841
0.000000000000000
-0.000017923780841
-0.000022098211737
-0.000021689525985
-0.000020956351866
-0.000019249712645
-0.000017543073424
-0.000016071522386
-0.000014678334077
-0.000013383705775
-0.000012384757498
-0.000011385809220
-0.000010599278095
-0.000009883552688
-0.000009215070690
-0.000008688318918
-0.000008161567146
-0.000007730243624
-0.000007330729519
-0.000006941627222
-0.000006583760349
-0.000006225893476
-0.000006136426758
-0.000005787510128
-0.000005438593498
-0.000005264135183
0.000005204119230
0.000005371293497
0.000005705642030
0.000006039990564
0.000006124405563
0.000006462065558
0.000006799725553
0.000007161651595
0.000007531666319
0.000007927813026
0.000008402355685
0.000008876898343
0.000009458536086
0.000010075872191
0.000010739365514
0.000011541330490
0.000012343295466
0.000013282157381
0.000014266651609
0.000015228730691
0.000016123564333
0.000017018397975
0.000016706886697
0.000015993260444
0.000012366432604
0.000000000000000
-0.000012366432604
-0.000015993260444
-0.000016706886697
-0.000017018397975
-0.000016123564333
-0.000015228730691
-0.000014266651609
-0.000013282157381
-0.000012343295466
-0.000011541330490
-0.000010739365514
-0.000010075872191
-0.000009458536086
-0.000008876898343
-0.000008402355685
-0.000007927813026
-0.000007531666319
-0.000007161651595
-0.000006799725553
-0.000006462065558
-0.000006124405563
-0.000006039990564
-0.000005705642030
-0.000005371293497
-0.000005204119230
0.000005144103277
0.000005303993496
0.000005623773933
0.000005943554370
0.000006022917650
0.000006340370767
0.000006657823885
0.000006992573671
0.000007333089013
0.000007694058906
0.000008116392451
0.000008538725997
0.000009033519485
0.000009552466288
0.000010092921808
0.000010697903483
0.000011302885157
0.000011885980686
0.000012461780832
0.000012914387958
0.000012997416021
0.000013080444084
0.000011724247408
0.000009888309152
0.000006809084368
0.000000000000000
-0.000006809084368
-0.000009888309152
-0.000011724247408
-0.000013080444084
-0.000012997416021
-0.000012914387958
-0.000012461780832
-0.000011885980686
-0.000011302885157
-0.000010697903483
-0.000010092921808
-0.000009552466288
-0.000009033519485
-0.000008538725997
-0.000008116392451
-0.000007694058906
-0.000007333089013
-0.000006992573671
-0.000006657823885
-0.000006340370767
-0.000006022917650
-0.000005943554370
-0.000005623773933
-0.000005303993495
-0.000005144103277
0.000005051484514
0.000005201082931
0.000005500279764
0.000005799476597
0.000005872128044
0.000006162733831
0.000006453339619
0.000006754070015
0.000007058175281
0.000007377315941
0.000007741562782
0.000008105809623
0.000008515509514
0.000008940360421
0.000009372547085
0.000009826741016
0.000010280934946
0.000010659057977
0.000011011824042
0.000011236948336
0.000011079147322
0.000010921346308
0.000009580053812
0.000007844264156
0.000005233937531
0.000000000000000
-0.000005233937531
-0.000007844264156
-0.000009580053812
-0.000010921346308
-0.000011079147322
-0.000011236948336
-0.000011011824042
-0.000010659057977
-0.000010280934946
-0.000009826741016
-0.000009372547085
-0.000008940360421
-0.000008515509514
-0.000008105809623
-0.000007741562782
-0.000007377315941
-0.000007058175281
-0.000006754070015
-0.000006453339619
-0.000006162733831
-0.000005872128044
-0.000005799476597
-0.000005500279764
-0.000005201082931
-0.000005051484514
0.000004958865751
0.000005098172366
0.000005376785595
0.000005655398824
0.000005721338438
0.000005985096896
0.000006248855353
0.000006515566359
0.000006783261549
0.000007060572976
0.000007366733112
0.000007672893249
0.000007997499543
0.000008328254555
0.000008652172361
0.000008955578548
0.000009258984735
0.000009432135269
0.000009561867251
0.000009559508715
0.000009160878624
0.000008762248533
0.000007435860217
0.000005800219160
0.000003658790693
0.000000000000000
-0.000003658790693
-0.000005800219160
-0.000007435860217
-0.000008762248533
-0.000009160878624
-0.000009559508715
-0.000009561867251
-0.000009432135269
-0.000009258984735
-0.000008955578548
-0.000008652172361
-0.000008328254555
-0.000007997499543
-0.000007672893249
-0.000007366733112
-0.000007060572976
-0.000006783261549
-0.000006515566359
-0.000006248855353
-0.000005985096896
-0.000005721338438
-0.000005655398824
-0.000005376785595
-0.000005098172366
-0.000004958865751
0.000004854581664
0.000004983005075
0.000005239851899
0.000005496698723
0.000005555808200
0.000005792246109
0.000006028684019
0.000006261893416
0.000006494026641
0.000006731200610
0.000006983496809
0.000007235793007
0.000007485720070
0.000007734857422
0.000007967577839
0.000008151047452
0.000008334517064
0.000008359560797
0.000008331795902
0.000008177584005
0.000007644031102
0.000007110478199
0.000005858328868
0.000004366647394
0.000002598309031
0.000000000000000
-0.000002598309031
-0.000004366647394
-0.000005858328868
-0.000007110478199
-0.000007644031102
-0.000008177584005
-0.000008331795902
-0.000008359560797
-0.000008334517064
-0.000008151047452
-0.000007967577839
-0.000007734857422
-0.000007485720070
-0.000007235793007
-0.000006983496808
-0.000006731200610
-0.000006494026641
-0.000006261893416
-0.000006028684019
-0.000005792246109
-0.000005555808200
-0.000005496698723
-0.000005239851899
-0.000004983005075
-0.000004854581664
0.000004738632251
0.000004855581060
0.000005089478676
0.000005323376293
0.000005375537329
0.000005584181473
0.000005792825617
0.000005993051184
0.000006190470558
0.000006389198844
0.000006591853870
0.000006794508896
0.000006980171096
0.000007160169021
0.000007318763517
0.000007413147725
0.000007507531933
0.000007441334560
0.000007321609994
0.000007091174207
0.000006528604757
0.000005966035308
0.000004847459766
0.000003543548859
0.000002052492544
0.000000000000000
-0.000002052492544
-0.000003543548859
-0.000004847459766
-0.000005966035308
-0.000006528604757
-0.000007091174207
-0.000007321609994
-0.000007441334560
-0.000007507531933
-0.000007413147725
-0.000007318763517
-0.000007160169021
-0.000006980171096
-0.000006794508896
-0.000006591853870
-0.000006389198844
-0.000006190470557
-0.000005993051184
-0.000005792825617
-0.000005584181473
-0.000005375537329
-0.000005323376293
-0.000005089478676
-0.000004855581060
-0.000004738632251
0.000004622682839
0.000004728157044
0.000004939105454
0.000005150053863
0.000005195266458
0.000005376116837
0.000005556967216
0.000005724208952
0.000005886914474
0.000006047197078
0.000006200210932
0.000006353224786
0.000006474622123
0.000006585480621
0.000006669949195
0.000006675247999
0.000006680546802
0.000006523108324
0.000006311424086
0.000006004764409
0.000005413178412
0.000004821592416
0.000003836590663
0.000002720450325
0.000001506676057
0.000000000000000
-0.000001506676057
-0.000002720450325
-0.000003836590663
-0.000004821592416
-0.000005413178412
-0.000006004764409
-0.000006311424086
-0.000006523108324
-0.000006680546802
-0.000006675247999
-0.000006669949195
-0.000006585480621
-0.000006474622123
-0.000006353224785
-0.000006200210932
-0.000006047197078
-0.000005886914474
-0.000005724208952
-0.000005556967216
-0.000005376116837
-0.000005195266458
-0.000005150053863
-0.000004939105454
-0.000004728157044
-0.000004622682839
0.000004492946161
0.000004587240861
0.000004775830260
0.000004964419659
0.000005003386830
0.000005159255515
0.000005315124200
0.000005454639656
0.000005588704035
0.000005718347280
0.000005834727120
0.000005951106961
0.000006030531740
0.000006097638165
0.000006138170928
0.000006098982702
0.000006059794476
0.000005871160512
0.000005632711303
0.000005313190145
0.000004750453139
0.000004187716133
0.000003310491779
0.000002328438309
0.000001273518565
0.000000000000000
-0.000001273518565
-0.000002328438309
-0.000003310491779
-0.000004187716133
-0.000004750453139
-0.000005313190145
-0.000005632711303
-0.000005871160512
-0.000006059794476
-0.000006098982702
-0.000006138170928
-0.000006097638165
-0.000006030531740
-0.000005951106961
-0.000005834727120
-0.000005718347280
-0.000005588704035
-0.000005454639656
-0.000005315124200
-0.000005159255515
-0.000005003386830
-0.000004964419659
-0.000004775830260
-0.000004587240861
-0.000004492946161
0.000004363209483
0.000004446324677
0.000004612555066
0.000004778785455
0.000004811507203
0.000004942394194
0.000005073281185
0.000005185070360
0.000005290493597
0.000005389497482
0.000005469243309
0.000005548989136
0.000005586441357
0.000005609795710
0.000005606392660
0.000005522717405
0.000005439042149
0.000005219212700
0.000004953998520
0.000004621615881
0.000004087727866
0.000003553839851
0.000002784392896
0.000001936426294
0.000001040361074
0.000000000000000
-0.000001040361074
-0.000001936426294
-0.000002784392896
-0.000003553839851
-0.000004087727866
-0.000004621615881
-0.000004953998520
-0.000005219212700
-0.000005439042149
-0.000005522717405
-0.000005606392660
-0.000005609795710
-0.000005586441357
-0.000005548989136
-0.000005469243309
-0.000005389497482
-0.000005290493597
-0.000005185070360
-0.000005073281185
-0.000004942394194
-0.000004811507203
-0.000004778785455
-0.000004612555066
-0.000004446324677
-0.000004363209483
0.000004230756232
0.000004303302867
0.000004448396138
0.000004593489410
0.000004620530820
0.000004728696462
0.000004836862105
0.000004924168669
0.000005004522207
0.000005077080947
0.000005126255294
0.000005175429641
0.000005179547305
0.000005168646075
0.000005131695112
0.000005016594948
0.000004901494784
0.000004663965197
0.000004385625802
0.000004051639230
0.000003550711127
0.000003049783023
0.000002371332136
0.000001633706989
0.000000864390503
0.000000000000000
-0.000000864390503
-0.000001633706989
-0.000002371332136
-0.000003049783023
-0.000003550711126
-0.000004051639230
-0.000004385625802
-0.000004663965197
-0.000004901494784
-0.000005016594948
-0.000005131695112
-0.000005168646075
-0.000005179547305
-0.000005175429640
-0.000005126255294
-0.000005077080947
-0.000005004522207
-0.000004924168669
-0.000004836862105
-0.000004728696462
-0.000004620530820
-0.000004593489410
-0.000004448396138
-0.000004303302867
-0.000004230756232
0.000004095586408
0.000004158175431
0.000004283353477
0.000004408531522
0.000004430457682
0.000004518162321
0.000004605866960
0.000004671934582
0.000004730789865
0.000004781097677
0.000004805763076
0.000004830428475
0.000004809849583
0.000004774189261
0.000004714078282
0.000004580615331
0.000004447152380
0.000004205418003
0.000003927593150
0.000003603260193
0.000003139402921
0.000002675545649
0.000002071309502
0.000001420280397
0.000000745606854
0.000000000000000
-0.000000745606854
-0.000001420280397
-0.000002071309502
-0.000002675545649
-0.000003139402921
-0.000003603260193
-0.000003927593150
-0.000004205418003
-0.000004447152380
-0.000004580615331
-0.000004714078282
-0.000004774189261
-0.000004809849583
-0.000004830428475
-0.000004805763076
-0.000004781097677
-0.000004730789865
-0.000004671934582
-0.000004605866960
-0.000004518162321
-0.000004430457682
-0.000004408531522
-0.000004283353477
-0.000004158175431
-0.000004095586408
0.000003960416585
0.000004013047995
0.000004118310815
0.000004223573635
0.000004240384544
0.000004307628180
0.000004374871816
0.000004419700495
0.000004457057523
0.000004485114406
0.000004485270857
0.000004485427309
0.000004440151861
0.000004379732447
0.000004296461452
0.000004144635714
0.000003992809976
0.000003746870809
0.000003469560498
0.000003154881155
0.000002728094715
0.000002301308275
0.000001771286867
0.000001206853804
0.000000626823205
0.000000000000000
-0.000000626823205
-0.000001206853804
-0.000001771286867
-0.000002301308275
-0.000002728094715
-0.000003154881155
-0.000003469560498
-0.000003746870809
-0.000003992809976
-0.000004144635714
-0.000004296461452
-0.000004379732447
-0.000004440151861
-0.000004485427309
-0.000004485270857
-0.000004485114406
-0.000004457057523
-0.000004419700495
-0.000004374871816
-0.000004307628180
-0.000004240384544
-0.000004223573635
-0.000004118310815
-0.000004013047995
-0.000003960416585
0.000003826283187
0.000003870599408
0.000003959231849
0.000004047864289
0.000004060756077
0.000004112323228
0.000004163890379
0.000004193509135
0.000004215811759
0.000004228790488
0.000004213797536
0.000004198804584
0.000004140427446
0.000004067588913
0.000003973821721
0.000003817268551
0.000003660715382
0.000003421175379
0.000003153973099
0.000002854955781
0.000002460493354
0.000002066030927
0.000001586437827
0.000001078467836
0.000000557992274
0.000000000000000
-0.000000557992274
-0.000001078467836
-0.000001586437827
-0.000002066030927
-0.000002460493354
-0.000002854955781
-0.000003153973099
-0.000003421175379
-0.000003660715382
-0.000003817268551
-0.000003973821721
-0.000004067588913
-0.000004140427446
-0.000004198804584
-0.000004213797536
-0.000004228790488
-0.000004215811758
-0.000004193509135
-0.000004163890379
-0.000004112323228
-0.000004060756077
-0.000004047864289
-0.000003959231849
-0.000003870599408
-0.000003826283187
0.000003692149790
0.000003728150821
0.000003800152882
0.000003872154944
0.000003881127610
0.000003917018277
0.000003952908943
0.000003967317774
0.000003974565994
0.000003972466570
0.000003942324214
0.000003912181859
0.000003840703031
0.000003755445379
0.000003651181990
0.000003489901389
0.000003328620787
0.000003095479949
0.000002838385699
0.000002555030408
0.000002192891994
0.000001830753580
0.000001401588787
0.000000950081868
0.000000489161344
0.000000000000000
-0.000000489161343
-0.000000950081868
-0.000001401588787
-0.000001830753580
-0.000002192891994
-0.000002555030408
-0.000002838385699
-0.000003095479949
-0.000003328620787
-0.000003489901389
-0.000003651181990
-0.000003755445379
-0.000003840703031
-0.000003912181859
-0.000003942324214
-0.000003972466570
-0.000003974565994
-0.000003967317774
-0.000003952908943
-0.000003917018277
-0.000003881127610
-0.000003872154944
-0.000003800152882
-0.000003728150821
-0.000003692149790
0.000003560779199
0.000003589317161
0.000003646393087
0.000003703469012
0.000003709057036
0.000003731409131
0.000003753761225
0.000003755412215
0.000003750162838
0.000003735719260
0.000003693693084
0.000003651666908
0.000003570668462
0.000003476679261
0.000003365496412
0.000003202732621
0.000003039968831
0.000002814867666
0.000002568987376
0.000002301290305
0.000001968142889
0.000001634995472
0.000001248544614
0.000000844325941
0.000000432929549
0.000000000000000
-0.000000432929549
-0.000000844325941
-0.000001248544614
-0.000001634995472
-0.000001968142889
-0.000002301290305
-0.000002568987376
-0.000002814867666
-0.000003039968831
-0.000003202732621
-0.000003365496411
-0.000003476679260
-0.000003570668462
-0.000003651666908
-0.000003693693084
-0.000003735719260
-0.000003750162838
-0.000003755412215
-0.000003753761225
-0.000003731409131
-0.000003709057036
-0.000003703469012
-0.000003646393087
-0.000003589317161
-0.000003560779199
0.000003432171414
0.000003454098430
0.000003497952463
0.000003541806496
0.000003544544355
0.000003555495791
0.000003566447226
0.000003557792458
0.000003542602289
0.000003518548558
0.000003467904145
0.000003417259732
0.000003330323741
0.000003231290557
0.000003116764985
0.000002955762249
0.000002794759513
0.000002579338530
0.000002345778131
0.000002093735473
0.000001786246039
0.000001478756605
0.000001127305307
0.000000761200054
0.000000389296892
0.000000000000000
-0.000000389296892
-0.000000761200054
-0.000001127305307
-0.000001478756605
-0.000001786246039
-0.000002093735473
-0.000002345778131
-0.000002579338530
-0.000002794759513
-0.000002955762249
-0.000003116764985
-0.000003231290557
-0.000003330323741
-0.000003417259732
-0.000003467904145
-0.000003518548558
-0.000003542602289
-0.000003557792458
-0.000003566447226
-0.000003555495791
-0.000003544544355
-0.000003541806496
-0.000003497952463
-0.000003454098430
-0.000003432171414
0.000003303563629
0.000003318879699
0.000003349511839
0.000003380143979
0.000003380031673
0.000003379582450
0.000003379133228
0.000003360172701
0.000003335041740
0.000003301377856
0.000003242115206
0.000003182852556
0.000003089979019
0.000002985901854
0.000002868033559
0.000002708791877
0.000002549550196
0.000002343809393
0.000002122568885
0.000001886180640
0.000001604349189
0.000001322517737
0.000001006066000
0.000000678074167
0.000000345664234
0.000000000000000
-0.000000345664234
-0.000000678074167
-0.000001006066000
-0.000001322517737
-0.000001604349189
-0.000001886180640
-0.000002122568885
-0.000002343809393
-0.000002549550195
-0.000002708791877
-0.000002868033559
-0.000002985901854
-0.000003089979019
-0.000003182852556
-0.000003242115206
-0.000003301377856
-0.000003335041740
-0.000003360172701
-0.000003379133228
-0.000003379582450
-0.000003380031673
-0.000003380143979
-0.000003349511839
-0.000003318879699
-0.000003303563629
0.000003183240236
0.000003193504795
0.000003214033912
0.000003234563029
0.000003232470203
0.000003224098899
0.000003215727595
0.000003190152605
0.000003158843053
0.000003119460089
0.000003055856891
0.000002992253694
0.000002897619105
0.000002792640719
0.000002675220230
0.000002520473433
0.000002365726636
0.000002169924548
0.000001960437363
0.000001737833689
0.000001475880548
0.000001213927407
0.000000922475658
0.000000621191039
0.000000316182061
0.000000000000000
-0.000000316182061
-0.000000621191039
-0.000000922475658
-0.000001213927407
-0.000001475880548
-0.000001737833689
-0.000001960437363
-0.000002169924548
-0.000002365726636
-0.000002520473433
-0.000002675220230
-0.000002792640719
-0.000002897619105
-0.000002992253694
-0.000003055856891
-0.000003119460089
-0.000003158843053
-0.000003190152605
-0.000003215727595
-0.000003224098899
-0.000003232470203
-0.000003234563029
-0.000003214033912
-0.000003193504795
-0.000003183240236
0.000003062916844
0.000003068129891
0.000003078555985
0.000003088982080
0.000003084908733
0.000003068615348
0.000003052321963
0.000003020132509
0.000002982644365
0.000002937542322
0.000002869598577
0.000002801654832
0.000002705259190
0.000002599379583
0.000002482406900
0.000002332154988
0.000002181903077
0.000001996039703
0.000001798305841
0.000001589486737
0.000001347411907
0.000001105337076
0.000000838885315
0.000000564307912
0.000000286699887
0.000000000000000
-0.000000286699887
-0.000000564307912
-0.000000838885315
-0.000001105337076
-0.000001347411907
-0.000001589486737
-0.000001798305841
-0.000001996039703
-0.000002181903077
-0.000002332154988
-0.000002482406900
-0.000002599379583
-0.000002705259190
-0.000002801654832
-0.000002869598577
-0.000002937542322
-0.000002982644365
-0.000003020132509
-0.000003052321963
-0.000003068615348
-0.000003084908733
-0.000003088982080
-0.000003078555985
-0.000003068129891
-0.000003062916844
0.000002947442264
0.000002948265406
0.000002949911690
0.000002951557974
0.000002945837425
0.000002922955232
0.000002900073038
0.000002862589924
0.000002820239836
0.000002770740631
0.000002699794077
0.000002628847523
0.000002531844786
0.000002426156653
0.000002310560249
0.000002165239030
0.000002019917811
0.000001843565173
0.000001656868729
0.000001460737183
0.000001236300329
0.000001011863475
0.000000767096231
0.000000515552189
0.000000261515326
0.000000000000000
-0.000000261515326
-0.000000515552189
-0.000000767096231
-0.000001011863475
-0.000001236300329
-0.000001460737183
-0.000001656868729
-0.000001843565173
-0.000002019917811
-0.000002165239030
-0.000002310560249
-0.000002426156653
-0.000002531844786
-0.000002628847523
-0.000002699794077
-0.000002770740631
-0.000002820239836
-0.000002862589924
-0.000002900073038
-0.000002922955232
-0.000002945837425
-0.000002951557974
-0.000002949911690
-0.000002948265406
-0.000002947442264
0.000002836816496
0.000002833911339
0.000002828101025
0.000002822290711
0.000002815256279
0.000002787118550
0.000002758980821
0.000002717524849
0.000002671629464
0.000002619055018
0.000002546443393
0.000002473831768
0.000002377375890
0.000002272971928
0.000002159680277
0.000002019725559
0.000001879770840
0.000001712500961
0.000001536126028
0.000001351585026
0.000001142545815
0.000000933506604
0.000000707108403
0.000000474923872
0.000000240628379
0.000000000000000
-0.000000240628379
-0.000000474923872
-0.000000707108403
-0.000000933506604
-0.000001142545815
-0.000001351585026
-0.000001536126028
-0.000001712500961
-0.000001879770840
-0.000002019725558
-0.000002159680277
-0.000002272971928
-0.000002377375890
-0.000002473831768
-0.000002546443393
-0.000002619055018
-0.000002671629464
-0.000002717524849
-0.000002758980820
-0.000002787118549
-0.000002815256279
-0.000002822290711
-0.000002828101025
-0.000002833911339
-0.000002836816496
0.000002726190729
0.000002719557273
0.000002706290360
0.000002693023448
0.000002684675132
0.000002651281867
0.000002617888603
0.000002572459775
0.000002523019092
0.000002467369405
0.000002393092709
0.000002318816012
0.000002222906995
0.000002119787203
0.000002008800305
0.000001874212087
0.000001739623868
0.000001581436748
0.000001415383326
0.000001242432868
0.000001048791301
0.000000855149733
0.000000647120576
0.000000434295555
0.000000219741431
0.000000000000000
-0.000000219741431
-0.000000434295555
-0.000000647120576
-0.000000855149733
-0.000001048791301
-0.000001242432868
-0.000001415383326
-0.000001581436748
-0.000001739623868
-0.000001874212087
-0.000002008800305
-0.000002119787203
-0.000002222906995
-0.000002318816012
-0.000002393092709
-0.000002467369405
-0.000002523019092
-0.000002572459775
-0.000002617888603
-0.000002651281867
-0.000002684675132
-0.000002693023448
-0.000002706290360
-0.000002719557273
-0.000002726190729
